0.140708596,0.071452021,0.113553921,0.093484359,0.075795959,0.118850338,0.105540685,0.116758406,0.065978696,0.097877018
0.136728558,0.069023467,0.067910006,0.076494237,0.150780853,0.074746551,0.111846233,0.097339880,0.147340598,0.067789617
0.059642384,0.123360818,0.150011752,0.084130437,0.108691198,0.107374156,0.112948117,0.084983809,0.059560192,0.109297138
0.086701636,0.130481793,0.071213166,0.113742951,0.071688073,0.069935028,0.070752574,0.115415342,0.108467624,0.161601813
0.067576033,0.113444927,0.101929928,0.154736866,0.081875157,0.088489619,0.118577398,0.087659749,0.114369050,0.071341272
0.106885854,0.085569471,0.077830210,0.137704621,0.102265494,0.071452701,0.059412922,0.089486070,0.152028763,0.117363892
0.124530206,0.097486163,0.059463833,0.072167571,0.135354040,0.113787687,0.113585906,0.121613137,0.069961964,0.092049495
0.097282240,0.082390881,0.107950468,0.072984735,0.145214373,0.072440480,0.091797506,0.070184985,0.074936243,0.184818089
0.099723568,0.059480324,0.053014893,0.135041300,0.137520481,0.110238462,0.139269391,0.091810605,0.097768905,0.076132069
0.099622520,0.138319111,0.138806505,0.096361065,0.113554087,0.067176816,0.116380133,0.113605476,0.056612826,0.059561462
0.146864484,0.106620596,0.082996684,0.066377223,0.070759063,0.063960630,0.141934239,0.091928771,0.067600340,0.160957972
0.070325798,0.154582329,0.104946068,0.085882875,0.071843860,0.116455606,0.081733593,0.081373970,0.151693897,0.081162006
0.134212483,0.108319417,0.061815175,0.099864777,0.066167000,0.088762218,0.131586031,0.124289216,0.119254763,0.065728918
0.085021087,0.074191107,0.156037065,0.090164786,0.092497904,0.088277956,0.123872873,0.098501998,0.091213409,0.100221815
0.113793169,0.108415022,0.088742537,0.122802870,0.108263847,0.083124873,0.059326414,0.138738175,0.062602841,0.114190252
0.135894496,0.070686481,0.075134245,0.132003517,0.068349734,0.125208710,0.080667529,0.092755384,0.127102157,0.092197748
0.136828084,0.058439706,0.095176640,0.118521066,0.134119917,0.081858392,0.065942194,0.084984680,0.085161214,0.138968107
0.084062110,0.103969157,0.141913920,0.117443655,0.126287849,0.087133646,0.094218899,0.076690721,0.082511408,0.085768635
0.119507049,0.102067817,0.118346134,0.062399932,0.066462939,0.127862523,0.086389124,0.128974163,0.084279880,0.103710440
0.100189152,0.084845953,0.100276273,0.087546725,0.108410103,0.142230012,0.083181626,0.107771649,0.114537953,0.071010553
0.061422604,0.073622795,0.110827169,0.105285352,0.084137696,0.059281804,0.116584328,0.146781169,0.140768091,0.101288993
0.143469461,0.118825454,0.080246339,0.099636399,0.100561258,0.145618132,0.083321658,0.078712358,0.060422560,0.089186381
0.149291069,0.157764358,0.062697060,0.110249547,0.082044509,0.077523011,0.078172151,0.071799202,0.103207827,0.107251265
0.071513021,0.095095947,0.069667269,0.100957662,0.120975562,0.085805799,0.164552608,0.072024300,0.063070627,0.156337207
0.069380827,0.129944152,0.099085091,0.069616775,0.064852738,0.125096774,0.125958909,0.112843732,0.071069432,0.132151571
0.098476276,0.140712506,0.077933447,0.084889914,0.153194299,0.102347955,0.097251678,0.064126192,0.089774056,0.091293676
0.077263578,0.099929482,0.135430553,0.080200713,0.077935921,0.109895037,0.133029534,0.067530642,0.099010857,0.119773685
0.090185473,0.069443550,0.075535077,0.102281250,0.115471590,0.112750221,0.097932680,0.098759519,0.118417731,0.119222909
0.074219264,0.133405135,0.075015539,0.075923624,0.096099642,0.090715232,0.102359473,0.111925794,0.126768320,0.113567979
0.125176669,0.082849095,0.131561509,0.117053318,0.087962727,0.089360520,0.119815478,0.083170645,0.071124490,0.091925551
0.106403734,0.114021894,0.089472234,0.119681538,0.117488481,0.094336746,0.082057691,0.121235167,0.075649006,0.079653509
0.055145660,0.139068970,0.070193728,0.073850302,0.081806953,0.138958367,0.072175774,0.137288259,0.108553438,0.122958549
0.074495689,0.189103798,0.086545874,0.085088336,0.116530355,0.076534916,0.123213285,0.099151407,0.072645544,0.076690795
0.087321708,0.167991530,0.100693554,0.073777589,0.082875909,0.126158169,0.128593402,0.089677200,0.073136088,0.069774850
0.071554924,0.105321712,0.093366635,0.152014225,0.121111225,0.070111318,0.078572700,0.096443363,0.109326603,0.102177294
0.141182642,0.063001766,0.081574040,0.124519694,0.077384194,0.058276317,0.071172428,0.117732853,0.122313867,0.142842198
0.097725435,0.070701966,0.062233190,0.060280051,0.118105290,0.141177104,0.108587406,0.140204625,0.102739124,0.098245809
0.097509252,0.109122842,0.068405248,0.149028786,0.065048399,0.138933128,0.147448656,0.062139932,0.070246887,0.092116869
0.065807236,0.067639971,0.096485448,0.133277859,0.126235292,0.112107468,0.065755014,0.125670301,0.070709020,0.136312393
0.124111853,0.087496845,0.137512711,0.134404195,0.055166070,0.066838624,0.055517822,0.099766382,0.118756678,0.120428821
0.124384310,0.135324076,0.108763918,0.077192224,0.085368069,0.110504031,0.080012605,0.089230560,0.131754292,0.057465915
0.059164155,0.133565858,0.100528794,0.119841535,0.126225810,0.096891732,0.068091654,0.066447474,0.078667013,0.150575976
0.095643167,0.084153307,0.070388498,0.083774721,0.082006564,0.127247501,0.134490575,0.146794592,0.090211456,0.085289619
0.137766755,0.128549815,0.076569578,0.081223261,0.131382038,0.074325616,0.072902945,0.087041244,0.094492100,0.115746648
0.085178525,0.058780919,0.087967580,0.146393059,0.087521861,0.098574027,0.132916273,0.132233324,0.107605569,0.062828862
0.095926433,0.068316977,0.080300571,0.110855997,0.147804729,0.120820811,0.074268261,0.117632578,0.098461010,0.085612633
0.094312704,0.077751342,0.102981892,0.089628255,0.095505545,0.168005827,0.111502175,0.076995933,0.065624589,0.117691738
0.078356275,0.141776647,0.122004742,0.094869758,0.105497071,0.095824619,0.054965528,0.095826592,0.096023693,0.114855075
0.109822838,0.141825770,0.089583439,0.089697658,0.102580625,0.079958554,0.076406145,0.140231166,0.087611650,0.082282155
0.074217537,0.075087327,0.091886989,0.071690718,0.131900028,0.106498167,0.120192918,0.130983629,0.097442978,0.100099708
0.068695410,0.090939933,0.068284081,0.110095138,0.079367732,0.133549830,0.121044859,0.068992912,0.160708982,0.098321123
0.068485200,0.124784151,0.147930895,0.065003862,0.131288464,0.076607668,0.127315483,0.077345582,0.076000600,0.105238094
0.087271857,0.068650006,0.173451814,0.078491916,0.077307920,0.127063484,0.067718190,0.076846071,0.162866095,0.080332649
0.126299460,0.069704724,0.066838512,0.105580002,0.067278291,0.153422674,0.074869368,0.108821737,0.153019825,0.074165407
0.101912758,0.080703433,0.065855993,0.095886987,0.091025661,0.138557593,0.066108518,0.130383911,0.149957118,0.079608028
0.097821465,0.078482166,0.114382052,0.124921381,0.084136782,0.131256320,0.095029924,0.107673331,0.073763609,0.092532971
0.079696177,0.082281356,0.110227342,0.097330268,0.124676561,0.112869623,0.142155391,0.063346362,0.130861317,0.056555603
0.078358664,0.092109457,0.108527589,0.136499417,0.105827673,0.116357079,0.088927863,0.142095016,0.058508380,0.072788861
0.086409549,0.061726279,0.106414298,0.118174257,0.126955858,0.093389399,0.137577854,0.064854462,0.090510734,0.113987312
0.160403139,0.095308804,0.093158961,0.070786064,0.074185327,0.139051297,0.113464108,0.077264761,0.081052666,0.095324873
0.073276580,0.098070403,0.110215389,0.079695052,0.142645523,0.144626159,0.067554292,0.082897305,0.121780645,0.079238651
0.111372485,0.131773950,0.062387031,0.138565112,0.062022121,0.107007362,0.082604447,0.105530381,0.071808101,0.126929009
0.163550511,0.157110243,0.120050920,0.076290841,0.065856265,0.106447593,0.100020976,0.068576848,0.066498700,0.075597102
0.078765681,0.082990852,0.161177872,0.097767375,0.075299597,0.082807800,0.076580001,0.110317472,0.084321358,0.149971992
0.088757720,0.120198008,0.081146242,0.077147746,0.090846345,0.072150381,0.119942605,0.144636593,0.081680927,0.123493433
0.128562402,0.139595516,0.056324150,0.101700497,0.113038391,0.113041193,0.053137319,0.083316724,0.121624183,0.089659623
0.097406221,0.083270405,0.065361712,0.067941055,0.149460419,0.127993387,0.069378634,0.146622077,0.097198339,0.095367750
0.126581694,0.124792590,0.119457709,0.084997610,0.062334927,0.070078456,0.069156317,0.106739777,0.098445913,0.137415008
0.152964246,0.067366731,0.086611696,0.106895342,0.066684975,0.124495458,0.097939895,0.146144262,0.081468941,0.069428455
0.117700926,0.090227340,0.078716979,0.145650033,0.079191383,0.084924256,0.084230553,0.131791311,0.081145479,0.106421738
0.056136108,0.103442010,0.136050072,0.086674692,0.147421993,0.128408223,0.067479728,0.074857342,0.121678985,0.077850847
0.107319383,0.090502425,0.090814753,0.127470112,0.079703886,0.128132398,0.135468921,0.063736307,0.083957120,0.092894695
0.079545895,0.114481016,0.075632549,0.149659388,0.066413366,0.116784639,0.099980020,0.062070883,0.094459981,0.140972265
0.127955035,0.066954064,0.133103270,0.134985625,0.097027909,0.085040182,0.063438736,0.094310017,0.137641879,0.059543283
0.099743107,0.073345908,0.071118732,0.089451604,0.137307303,0.072015654,0.091377676,0.080700648,0.174688652,0.110250716
0.109771294,0.129343685,0.108311851,0.060179547,0.122240813,0.095968883,0.092671415,0.098646377,0.087900194,0.094965941
0.124526613,0.086543538,0.069518789,0.106906543,0.098212341,0.102312851,0.078822297,0.110553854,0.120378539,0.102224635
0.104859453,0.084531201,0.109484873,0.149526661,0.073753648,0.064289392,0.121148432,0.094786153,0.093745313,0.103874875
0.073911154,0.090028207,0.086196666,0.125753879,0.125698403,0.134376770,0.084490112,0.073349622,0.083151056,0.123044132
0.102611246,0.114641140,0.083754902,0.131203485,0.097249724,0.070944158,0.156023414,0.062089198,0.064107613,0.117375120
0.107926074,0.074740276,0.093018691,0.084374492,0.098542717,0.103908994,0.132328480,0.150046723,0.093767280,0.061346272
0.103152147,0.060526381,0.101298937,0.067901699,0.090010577,0.123492890,0.142939612,0.129797329,0.085955925,0.094924503
0.100249538,0.096485642,0.092230111,0.106366221,0.100404065,0.140210115,0.106764825,0.128164695,0.074428272,0.054696515
0.067710589,0.150115367,0.155050258,0.083677671,0.065699298,0.093430771,0.062671327,0.108003557,0.143597284,0.070043878
0.066781056,0.066610247,0.129372730,0.082263916,0.099635492,0.122860671,0.061293676,0.161017672,0.082494692,0.127669848
0.065533689,0.163183902,0.124363662,0.088240377,0.065337973,0.138379449,0.077161030,0.101729519,0.073507622,0.102562778
0.110016839,0.130338075,0.056137379,0.117307541,0.103925241,0.068372178,0.074666940,0.139489027,0.109540186,0.090206594
0.120821444,0.069730705,0.095314576,0.060600409,0.072129349,0.140248469,0.103880612,0.116836827,0.108743322,0.111694287
0.122693378,0.135129939,0.108275694,0.059414515,0.065251584,0.098268117,0.081334707,0.071356529,0.130367595,0.127907941
0.130866939,0.119806830,0.122094937,0.059782000,0.129359356,0.079796658,0.063248058,0.066591432,0.112141306,0.116312485
0.130065362,0.058144180,0.079507087,0.073633426,0.138354699,0.132467392,0.078471341,0.110483242,0.140734023,0.058139248
0.068497071,0.111317048,0.092501829,0.111011576,0.161140485,0.149809284,0.073641676,0.074679549,0.079885431,0.077516052
0.087867411,0.135190567,0.065839981,0.098236543,0.062380074,0.135859061,0.065840712,0.124959647,0.121318794,0.102507210
0.070999970,0.109293897,0.119914779,0.107142259,0.100250346,0.074425712,0.115372870,0.072194865,0.063492645,0.166912656
0.118190879,0.116346775,0.123813761,0.077362894,0.114687227,0.080927763,0.087376289,0.059879387,0.079789462,0.141625562
0.095586296,0.083034225,0.087963729,0.083892421,0.137132954,0.139874269,0.075923405,0.092254692,0.099325247,0.105012761
0.123984480,0.110249081,0.071530250,0.123203801,0.087598832,0.124327118,0.088296723,0.073098482,0.091329941,0.106381292
0.091734314,0.088777349,0.135937015,0.068630819,0.086668296,0.143053967,0.141640538,0.078705338,0.078725810,0.086126553
0.122010414,0.088396195,0.118460535,0.099402719,0.067208560,0.070302419,0.128482030,0.067531030,0.087615454,0.150590645
0.071121370,0.118230985,0.087600389,0.110160280,0.133189105,0.049795525,0.099546754,0.095711923,0.101059708,0.133583961
0.086754854,0.115928488,0.140491362,0.061768346,0.125227883,0.075732858,0.064409318,0.068602916,0.144464333,0.116619642
0.136548014,0.123207848,0.091002051,0.108712705,0.078414258,0.065609299,0.132671119,0.073389932,0.120301420,0.070143353
0.093157587,0.099836863,0.098130983,0.090627359,0.059692617,0.109551091,0.094997549,0.120457937,0.126176786,0.107371227
0.159748939,0.128174638,0.108386476,0.102051986,0.084165493,0.119089911,0.069202151,0.091946191,0.076589255,0.060644960
0.126482192,0.079171727,0.059174853,0.099346366,0.091496735,0.077225902,0.095488243,0.103048513,0.140217438,0.128348030
0.087856456,0.134357835,0.059180184,0.113095798,0.095562552,0.137850966,0.054756783,0.076463230,0.119306841,0.121569356
0.078934294,0.084162957,0.120978360,0.064277036,0.135096365,0.076891063,0.091284818,0.151122715,0.116283479,0.080968915
0.063638062,0.119165853,0.168045146,0.155092874,0.064491178,0.065057420,0.064207779,0.116131150,0.112112896,0.072057641
0.078120043,0.087586569,0.129773272,0.111185378,0.080219629,0.129489746,0.090029475,0.096146460,0.111217589,0.086231838
0.062923565,0.123511544,0.071959842,0.122845493,0.131041721,0.140820854,0.076345845,0.061086914,0.128865084,0.080599137
0.069524440,0.134601772,0.119295802,0.111583145,0.094613625,0.078318405,0.127622682,0.108644266,0.063351254,0.092444609
0.073481942,0.084536858,0.136960994,0.059491126,0.096119924,0.064655948,0.133575005,0.099023698,0.119080448,0.133074056
0.065407512,0.078451002,0.059191367,0.082030534,0.139317345,0.137661680,0.062067575,0.138619480,0.121290584,0.115962920
0.110659726,0.084432727,0.109908675,0.087117197,0.078098116,0.112149259,0.125950595,0.126666062,0.069375854,0.095641789
0.137823008,0.098503102,0.126802105,0.093954163,0.098324509,0.086700786,0.148473554,0.063670185,0.078998267,0.066750320
0.070534280,0.067707477,0.128614616,0.069044234,0.126224612,0.063803879,0.099406818,0.142746738,0.084006264,0.147911082
0.077124593,0.124962290,0.075885423,0.065015061,0.094265596,0.135903179,0.121102194,0.141065765,0.082374621,0.082301278
0.147215636,0.079746846,0.071135526,0.089496786,0.094709356,0.092840896,0.074359443,0.083854624,0.167111194,0.099529692
0.090245488,0.152637023,0.118896300,0.077680266,0.073231046,0.111053801,0.101775861,0.090679508,0.073601234,0.110199472
0.101032684,0.099917137,0.119517374,0.117322335,0.077719567,0.091565396,0.064512845,0.119121269,0.121921321,0.087370071
0.063357316,0.146550145,0.088942893,0.070312408,0.080877714,0.150984082,0.109389272,0.092847545,0.127922427,0.068816198
0.095472464,0.070075049,0.155529746,0.096703184,0.140705969,0.089910030,0.069494625,0.108098947,0.095565226,0.078444759
0.100620657,0.134942233,0.100032907,0.102085751,0.102008629,0.066909313,0.121103770,0.105583859,0.073338308,0.093374572
0.114097868,0.128076175,0.122309507,0.098775437,0.081145704,0.079774421,0.103407413,0.083811393,0.077799062,0.110803021
0.099512481,0.083209225,0.113019671,0.071540163,0.097944148,0.151850493,0.068412596,0.072732895,0.069789132,0.171989196
0.097771545,0.063161382,0.113320500,0.148953594,0.129317585,0.105520908,0.064570090,0.149528994,0.067122670,0.060732733
0.092011811,0.119715892,0.142901859,0.086050965,0.092163037,0.071143027,0.080316632,0.074570511,0.087554147,0.153572117
0.151214667,0.083012204,0.126131153,0.076625974,0.077666684,0.128090008,0.094917493,0.103516927,0.085578661,0.073246229
0.131435227,0.153399295,0.079020933,0.075624288,0.099801846,0.091656118,0.072047947,0.069358434,0.091301222,0.136354690
0.118530407,0.100502460,0.118179235,0.080263301,0.080133752,0.104876440,0.081826104,0.093048045,0.094890188,0.127750070
0.068879317,0.096540192,0.140797524,0.092235012,0.087127501,0.134494046,0.122297768,0.077415828,0.114939204,0.065273607
0.110904165,0.063595928,0.139052667,0.055650709,0.116464326,0.098757390,0.130549947,0.113678922,0.105001489,0.066344455
0.144818642,0.108107019,0.078393863,0.066380198,0.131408310,0.108806811,0.085850990,0.100654846,0.064634862,0.110944458
0.073017120,0.134547724,0.070622598,0.082178430,0.088535597,0.132451565,0.070225276,0.066996091,0.127349971,0.154075627
0.122941637,0.097251231,0.072713841,0.062344030,0.123542708,0.145541319,0.130965768,0.123895085,0.061531650,0.059272731
0.098391229,0.078795593,0.072442633,0.094990527,0.141959583,0.078027786,0.114354786,0.167310461,0.064771888,0.088955515
0.068509258,0.106085936,0.097381349,0.111085227,0.104240475,0.115840620,0.069066394,0.115164445,0.091196762,0.121429534
0.133035747,0.139790705,0.110323018,0.116350151,0.109714321,0.057104070,0.075813660,0.089823061,0.104163065,0.063882200
0.090266137,0.093931587,0.089673506,0.109549236,0.064741464,0.145273041,0.149333950,0.115195266,0.059033973,0.083001841
0.153796514,0.116048400,0.068780076,0.083978450,0.077160965,0.128778801,0.071485583,0.143443353,0.088178115,0.068349743
0.111386082,0.076663234,0.091031220,0.087772657,0.086543952,0.120536166,0.074487161,0.172126486,0.083415916,0.096037127
0.062505258,0.095185900,0.097671447,0.161092164,0.157391930,0.078515913,0.084319820,0.072453027,0.106136572,0.084727968
0.088914288,0.068805037,0.155810087,0.085143145,0.106133291,0.137922482,0.074508361,0.128862084,0.090584484,0.063316741
0.147781510,0.087306318,0.141548475,0.060130711,0.138766937,0.090014427,0.080639935,0.091349376,0.076611428,0.085850882
0.082678269,0.059425167,0.120604749,0.139535873,0.086979298,0.138051471,0.120141883,0.082041604,0.055755199,0.114786486
0.139245494,0.074432217,0.117930473,0.111147329,0.089293662,0.110483973,0.083216442,0.089543226,0.070530508,0.114176675
0.163404964,0.100395919,0.073284235,0.067305884,0.103025725,0.078823094,0.076844374,0.092567594,0.152854937,0.091493273
0.140770333,0.066091339,0.058584997,0.123294649,0.097140766,0.093579375,0.123467996,0.069042180,0.085103310,0.142925053
0.087252079,0.105502074,0.086036058,0.071428696,0.133405039,0.105554011,0.104612653,0.099907925,0.061596206,0.144705261
0.082780955,0.067126934,0.093780700,0.173083147,0.074956465,0.099995277,0.107317138,0.072175640,0.072709750,0.156073995
0.084539277,0.124960402,0.122162198,0.126312936,0.143711460,0.062744798,0.080278808,0.083610775,0.078045007,0.093634339
0.093248628,0.130431971,0.085614716,0.137187085,0.144771648,0.084585368,0.085584467,0.092207385,0.070817599,0.075551132
0.065453553,0.136815191,0.057606009,0.145663951,0.084715188,0.061052294,0.113233613,0.127770506,0.141399234,0.066290461
0.160044950,0.130509225,0.079854536,0.074449855,0.104091237,0.070222318,0.073679700,0.082889042,0.134579809,0.089679328
0.132001312,0.087905545,0.084182397,0.078602736,0.137355068,0.085630665,0.140729678,0.088489906,0.089773115,0.075329579
0.067804101,0.138647604,0.123934424,0.067606076,0.161248706,0.070343372,0.106227096,0.084121456,0.107599162,0.072468002
0.067892107,0.070654257,0.088423443,0.080572269,0.104546132,0.088423824,0.121588135,0.112452211,0.111324672,0.154122951
0.102535436,0.089342580,0.106543713,0.096262004,0.088445812,0.079672010,0.139220457,0.116182801,0.122669525,0.059125663
0.098447132,0.132280797,0.122213984,0.071034866,0.116384379,0.111196691,0.056561526,0.111279957,0.069052369,0.111548300
0.072880503,0.154933568,0.072924950,0.098825058,0.121534401,0.062335763,0.131550896,0.108499743,0.062501749,0.114013371
0.117429398,0.104519287,0.124503382,0.074284540,0.127206178,0.073177913,0.095998440,0.075563601,0.144111270,0.063205991
0.146138636,0.078853620,0.077048563,0.076694093,0.103742374,0.084458266,0.128660558,0.101427720,0.070669659,0.132306511
0.088676713,0.077485315,0.080706142,0.147547180,0.060788374,0.100830846,0.095914267,0.141860759,0.057279299,0.148911104
0.106599471,0.135124927,0.108569467,0.125713037,0.131175859,0.065392351,0.091743444,0.095982506,0.059354618,0.080344320
0.099915895,0.148371539,0.144937187,0.096628065,0.071651183,0.074653738,0.061600503,0.080201891,0.082431287,0.139608711
0.080455185,0.127899975,0.087072833,0.122787838,0.133139519,0.081245592,0.082127289,0.100891899,0.090389821,0.093990050
0.127795800,0.105077661,0.053207460,0.095386486,0.119695879,0.079515970,0.120973772,0.125556472,0.079675765,0.093114735
0.144489159,0.127165110,0.104577292,0.091525354,0.129092036,0.061221884,0.062444847,0.088824984,0.057356363,0.133302973
0.122579489,0.077539330,0.104241021,0.142926993,0.085547751,0.091493455,0.087191151,0.076277085,0.103205792,0.108997933
0.128629704,0.060831802,0.123817284,0.117258369,0.099372834,0.075554267,0.098578238,0.131801182,0.082856305,0.081300017
0.125548914,0.134490151,0.128967721,0.060569167,0.083354367,0.132938334,0.061517038,0.124755128,0.059382270,0.088476911
0.126511115,0.082580889,0.101099138,0.071509277,0.109609674,0.160939738,0.091755272,0.081115604,0.079394920,0.095484372
0.062576408,0.126846787,0.075423285,0.088697444,0.132824611,0.070923335,0.117026710,0.072719051,0.126341957,0.126620413
0.081095813,0.077407241,0.101636181,0.129830824,0.152354311,0.078357899,0.062431532,0.128410222,0.063854912,0.124621066
0.135762161,0.132509107,0.102756927,0.092090111,0.126921021,0.101728446,0.076272431,0.060300283,0.069431005,0.102228507
0.086525783,0.076668077,0.072007166,0.168142896,0.110531222,0.149865272,0.068118173,0.099834164,0.074360355,0.093946893
0.077477994,0.133544408,0.135997222,0.083373757,0.087183255,0.079515840,0.104421959,0.067081963,0.099343473,0.132060128
0.076963236,0.086540180,0.109822217,0.080175158,0.090826450,0.090899016,0.155478671,0.076700010,0.104190473,0.128404590
0.155488018,0.137776330,0.111043195,0.095940301,0.114145218,0.068570806,0.066639879,0.085309450,0.066657717,0.098429087
0.131351547,0.072742139,0.083636185,0.113319053,0.085874841,0.084005578,0.075108763,0.109799103,0.087269331,0.156893460
0.074183317,0.103478098,0.125219038,0.129512473,0.066645029,0.055480646,0.112560896,0.109078277,0.092929968,0.130912259
0.124126024,0.071473545,0.090190846,0.126767481,0.103251046,0.128701167,0.091983039,0.073145122,0.086057030,0.104304700
0.084527553,0.074318077,0.099347377,0.095022140,0.078707128,0.109827039,0.147431856,0.077536962,0.138322493,0.094959374
0.091624938,0.083590982,0.141592632,0.105193001,0.131852354,0.122455665,0.087500872,0.075595421,0.078925375,0.081668759
0.143161364,0.119566260,0.093392257,0.098211626,0.113241589,0.105648234,0.068211001,0.109227530,0.083688081,0.065652058
0.067052571,0.079494014,0.120629331,0.130821157,0.082582182,0.083052014,0.100995700,0.134331147,0.125425551,0.075616333
0.102802912,0.081020146,0.090922421,0.138801884,0.153722811,0.085793489,0.057836126,0.153113789,0.066646163,0.069340260
0.116954022,0.071434555,0.143117173,0.065074434,0.132089691,0.059472808,0.141088698,0.104231355,0.080624441,0.085912823
0.102962556,0.104054570,0.129203515,0.085043413,0.087666915,0.073393568,0.162249222,0.079179574,0.081379811,0.094866856
0.057470785,0.137402983,0.130396979,0.094444225,0.084704252,0.095484999,0.100468229,0.109108966,0.114134077,0.076384506
0.067313530,0.135592131,0.084595026,0.077785228,0.092192350,0.062631687,0.113326900,0.108089414,0.111635112,0.146838622
0.085468716,0.146088576,0.108567184,0.065248695,0.077339021,0.142658345,0.079610917,0.063921676,0.096710346,0.134386525
0.065201155,0.100675676,0.140325668,0.142484602,0.123934799,0.109747048,0.066910870,0.069630328,0.127187452,0.053902401
0.105905496,0.156801642,0.104970280,0.105989694,0.077761017,0.074999160,0.102447196,0.091039432,0.071798154,0.108287930
0.110212465,0.147012537,0.130554912,0.075982828,0.075441427,0.149340669,0.086399982,0.097098319,0.067040470,0.060916389
0.070642137,0.106174887,0.132933596,0.060992493,0.098549012,0.092548992,0.091911935,0.072047710,0.132015601,0.142183638
0.078400011,0.102145154,0.080769104,0.097591760,0.079433081,0.109132928,0.080235289,0.104044388,0.133988636,0.134259649
0.084875502,0.096352164,0.091851241,0.084595341,0.083451869,0.076867315,0.119493495,0.078800224,0.180528568,0.103184280
0.101823679,0.062089418,0.117702275,0.057277385,0.132792608,0.129730256,0.131128801,0.061108433,0.101519910,0.104827236
0.094318021,0.113388490,0.142698297,0.085152983,0.086363010,0.140398295,0.115467286,0.080132353,0.067967022,0.074114243
0.119220186,0.083682323,0.088971231,0.117597264,0.109448420,0.105142439,0.081656233,0.111841054,0.099670229,0.082770621
0.117949560,0.087043582,0.133520839,0.118195173,0.097062177,0.116278466,0.078236677,0.072370945,0.121636950,0.057705630
0.106622404,0.100400987,0.084849404,0.078521476,0.120235586,0.136951503,0.111565833,0.118242489,0.060944130,0.081666189
0.085400323,0.095246316,0.153205487,0.071258410,0.084509466,0.073029547,0.088576313,0.146308529,0.122110402,0.080355207
0.115932147,0.132308339,0.123323139,0.074464104,0.055310991,0.119895466,0.053190126,0.098537709,0.107946748,0.119091231
0.063589846,0.117086285,0.096546194,0.128633174,0.072614698,0.152422853,0.135597388,0.066075899,0.078334291,0.089099372
0.120247977,0.083673586,0.066985620,0.070331791,0.086582240,0.135935644,0.105577672,0.132138053,0.081154875,0.117372542
0.106521971,0.137641742,0.054338131,0.061733303,0.137999213,0.079944476,0.062551558,0.120122643,0.124137446,0.115009517
0.076608128,0.058016618,0.086961159,0.094081766,0.096801767,0.128840238,0.094779476,0.103780535,0.124925863,0.135204450
0.058803832,0.155639265,0.106454863,0.111387030,0.122701394,0.112792728,0.083610403,0.065876461,0.084658170,0.098075853
0.085344329,0.072618894,0.124403315,0.094480238,0.092783816,0.065814449,0.074916811,0.171116718,0.118606872,0.099914559
0.061322324,0.149763388,0.089040924,0.100509061,0.074303087,0.100547559,0.084541112,0.068179583,0.151860224,0.119932738
0.110753168,0.091112749,0.095105499,0.085959802,0.117656313,0.129680417,0.064893122,0.127788773,0.074953753,0.102096405
0.106855373,0.062227930,0.102124550,0.121045924,0.119696499,0.117368578,0.095170431,0.082267100,0.125743678,0.067499935
0.126206128,0.152856488,0.080780509,0.084348409,0.145437699,0.082117188,0.071823719,0.107121550,0.067314711,0.081993599
0.093873828,0.121381443,0.064008850,0.079666257,0.138284135,0.122784719,0.077209795,0.069046716,0.117070559,0.116673697
0.133273384,0.096934640,0.069296910,0.069305530,0.099623557,0.083200877,0.093417209,0.123929199,0.080726249,0.150292444
0.107778685,0.074895111,0.103989442,0.107642057,0.079554397,0.096458919,0.096037352,0.094463845,0.098871159,0.140309033
0.081818515,0.088745296,0.122871052,0.131599285,0.068065115,0.134258072,0.114039066,0.101953879,0.088493322,0.068156398
0.075039477,0.148406555,0.074056465,0.082419076,0.062543205,0.073900493,0.159572508,0.109857642,0.139036935,0.075167645
0.092287065,0.089596227,0.150344768,0.077897407,0.078562483,0.090266760,0.098529842,0.089254580,0.131193449,0.102067419
0.137563491,0.072427341,0.105813279,0.110556591,0.067517194,0.062032955,0.128532513,0.117555743,0.131143361,0.066857532
0.129012934,0.075999088,0.072577716,0.128982594,0.103273948,0.087240252,0.126365250,0.118025908,0.090613372,0.067908937
0.113852694,0.090051462,0.082846448,0.059144473,0.074224218,0.119813499,0.067191917,0.112608261,0.139761832,0.140505196
0.080352546,0.052631817,0.076815388,0.128869923,0.123832917,0.117977421,0.068021711,0.085410094,0.139707121,0.126381062
0.071770263,0.080053800,0.123021420,0.079274080,0.080227977,0.171392482,0.136660468,0.096196334,0.071087078,0.090316100
0.077369609,0.078613168,0.110826220,0.065134634,0.070687988,0.133647329,0.095349648,0.138578393,0.150499640,0.079293370
0.077780567,0.131250144,0.155542266,0.099116223,0.066423677,0.068700309,0.102735437,0.077450548,0.117127130,0.103873699
0.156306758,0.066611598,0.088152985,0.113661669,0.075920508,0.104909750,0.067220804,0.151453729,0.084245261,0.091516937
0.125882045,0.127852839,0.138442106,0.140323881,0.057938206,0.061708463,0.119847991,0.084641669,0.069461455,0.073901344
0.076506350,0.115594034,0.126184848,0.087376672,0.124237134,0.105860098,0.100163029,0.098722191,0.073348044,0.092007600
0.064646541,0.149822982,0.122208803,0.080962321,0.059982843,0.096718066,0.068290263,0.128220536,0.135493533,0.093654113
0.118250439,0.104583678,0.093606683,0.068893952,0.071738544,0.118022895,0.083275592,0.107125767,0.089531501,0.144970949
0.083089358,0.073246634,0.089801249,0.095240016,0.137131504,0.160494577,0.088344929,0.112694697,0.073485077,0.086471959
0.148802152,0.068979601,0.100045478,0.080662946,0.133960429,0.138978398,0.078501517,0.074191494,0.114882201,0.060995783
0.075691916,0.073377660,0.094402022,0.126528669,0.084128878,0.088152354,0.132187494,0.132573885,0.113299293,0.079657828
0.098824846,0.097740063,0.096068107,0.081713389,0.118941700,0.062381887,0.129314595,0.061358820,0.114108359,0.139548232
0.092859704,0.083286574,0.092217026,0.069959548,0.082506973,0.129035941,0.117083238,0.074132393,0.137454473,0.121464131
0.095835117,0.087030628,0.077991675,0.080444536,0.097417701,0.127934634,0.123368916,0.154640828,0.072677007,0.082658957
0.084465830,0.096460239,0.103962307,0.098477180,0.082029903,0.129295411,0.126733182,0.087756348,0.074148858,0.116670742
0.083586230,0.121841712,0.080650486,0.124013234,0.086453684,0.127667349,0.060182005,0.104253597,0.064210471,0.147141233
0.078654604,0.072238746,0.132203894,0.109159152,0.079343137,0.135650379,0.064099551,0.144174814,0.082511896,0.101963826
0.060095500,0.106527938,0.152385343,0.105477428,0.108848340,0.095878863,0.070608717,0.123978607,0.101124728,0.075074536
0.072005468,0.104170739,0.138608603,0.083040728,0.070180956,0.153770233,0.121829118,0.063411328,0.072625502,0.120357325
0.132478823,0.090112428,0.135458645,0.126647438,0.104336097,0.113451200,0.060729221,0.066863000,0.073569207,0.096353941
0.093021745,0.115113079,0.091354941,0.067670279,0.088253917,0.072140461,0.139402023,0.123329536,0.114900889,0.094813130
0.110665363,0.143754691,0.068383932,0.119562499,0.104666431,0.061813404,0.125096978,0.084081620,0.104145543,0.077829539
0.077143215,0.149226894,0.073189713,0.087556147,0.083632424,0.123624309,0.073953660,0.078342790,0.132622173,0.120708675
0.111997654,0.116822684,0.115611706,0.132077845,0.071211531,0.087339391,0.114109079,0.055462114,0.106174270,0.089193726
0.142774432,0.130277264,0.067000983,0.128902296,0.138539578,0.076770601,0.061291490,0.056738167,0.141786405,0.055918784
0.083179544,0.073823452,0.087000431,0.136550089,0.072914846,0.134187844,0.125956746,0.076709586,0.090055310,0.119622153
0.067910500,0.118179590,0.082769007,0.080711680,0.141376655,0.124094827,0.129511197,0.062300137,0.116451885,0.076694522
0.101721273,0.111258538,0.063645031,0.087026092,0.123180562,0.060903035,0.081693551,0.070317699,0.143283818,0.156970401
0.081408243,0.067195490,0.120247598,0.078930608,0.087090987,0.174120588,0.104886549,0.111844875,0.103422360,0.070852703
0.154356259,0.145868317,0.091520023,0.102704233,0.097021163,0.064656848,0.112255391,0.065609838,0.101767419,0.064240510
0.068183219,0.115264969,0.075396224,0.074866135,0.129287948,0.108649582,0.063836759,0.146316123,0.148873238,0.069325803
0.140751379,0.099625606,0.084398070,0.074468565,0.075613856,0.078381182,0.128029719,0.139192482,0.060182667,0.119356474
0.120014955,0.084979985,0.085724995,0.084071837,0.092254574,0.134385285,0.122003132,0.087342372,0.091443734,0.097779130
0.129256085,0.064997167,0.054805562,0.124885559,0.132495370,0.077152330,0.070775515,0.108542936,0.107951376,0.129138099
0.078719575,0.139852027,0.059551668,0.149091755,0.063465514,0.138495284,0.094721266,0.079361602,0.061781662,0.134959648
0.122273955,0.123601196,0.117139718,0.134119426,0.068569881,0.100861401,0.073316188,0.070307581,0.119330648,0.070480006
0.116026142,0.048077715,0.119266647,0.095763729,0.098787895,0.114965872,0.112314027,0.090119806,0.088975574,0.115702594
0.061853370,0.121060644,0.111090380,0.055932586,0.135533935,0.133526424,0.063337309,0.131843491,0.129750186,0.056071675
0.133992223,0.096640327,0.055398150,0.094429756,0.078814128,0.119500586,0.133017090,0.088418406,0.114875000,0.084914334
0.116579870,0.111745776,0.056459831,0.098644660,0.057445372,0.143024383,0.089588211,0.113087688,0.078179717,0.135244492
0.063794078,0.087704503,0.119905259,0.095689658,0.091736850,0.122068206,0.071368460,0.112634976,0.072995698,0.162102311
0.077126036,0.089426322,0.086684841,0.083215167,0.082559711,0.090816055,0.186194393,0.133672272,0.077276402,0.093028800
0.137513549,0.087084415,0.085881031,0.123225257,0.061390046,0.089860459,0.099485736,0.104245939,0.149510497,0.061803070
0.064687404,0.061622928,0.146558125,0.098568774,0.152640417,0.120022011,0.075111940,0.084277457,0.079400895,0.117110049
0.116913036,0.167529697,0.116723152,0.104453699,0.077628749,0.066903712,0.065776281,0.069628680,0.112610678,0.101832315
0.056954030,0.128063385,0.115265635,0.074887033,0.067056086,0.112091692,0.100860465,0.081527538,0.148137793,0.115156342
0.072935588,0.118865814,0.131226029,0.092770835,0.100536067,0.070066673,0.056076203,0.076390844,0.144826008,0.136305940
0.132233033,0.089805591,0.058863413,0.109460640,0.056037327,0.126686551,0.057683950,0.106982143,0.116017551,0.146229801
0.101634423,0.087581986,0.104954568,0.126820830,0.060900745,0.135568984,0.064681701,0.097391741,0.095432290,0.125032731
0.095603618,0.144771951,0.094507091,0.128899047,0.082185253,0.107258934,0.090138023,0.087822983,0.085849922,0.082963178
0.059203744,0.155118010,0.142646519,0.127817189,0.067967708,0.105154384,0.070382387,0.088423567,0.112792454,0.070494038
0.067734057,0.083953102,0.126078595,0.063030950,0.163165062,0.070295495,0.095923277,0.131677651,0.137406312,0.060735498
0.111663179,0.122040529,0.105378016,0.102081266,0.088161260,0.082569320,0.115109138,0.093759814,0.103521499,0.075715979
0.127541633,0.068924786,0.142071890,0.121593521,0.093931719,0.086935553,0.074880006,0.143266784,0.067239736,0.073614374
0.088337915,0.067773342,0.160709833,0.107729320,0.151059292,0.061086733,0.075005441,0.124478688,0.061736781,0.102082654
0.137214026,0.074473542,0.106520709,0.064996942,0.069160193,0.107409768,0.088650161,0.128280625,0.086008294,0.137285740
0.115791808,0.128612926,0.072030440,0.051957833,0.125451970,0.100221219,0.087442645,0.111907855,0.123736830,0.082846474
0.074844759,0.076282498,0.121445022,0.080347351,0.115644004,0.085650259,0.139663902,0.094822625,0.142306476,0.068993105
0.073555229,0.140398123,0.135906939,0.070622859,0.147047347,0.074598575,0.100340870,0.086146776,0.078741796,0.092641484
0.071590937,0.102911365,0.086548917,0.082230827,0.070426054,0.144026212,0.124188505,0.089655493,0.118267930,0.110153760
0.075128315,0.076427360,0.147772515,0.123917651,0.132875131,0.067054987,0.117975824,0.106456449,0.061281562,0.091110206
0.097993981,0.078236416,0.067308755,0.091846790,0.130581966,0.128679183,0.131293888,0.114768966,0.066692978,0.092597077
0.067979143,0.132050284,0.083884328,0.087525298,0.106708988,0.155249525,0.062709012,0.143058660,0.075048137,0.085786626
0.134410895,0.074642066,0.082890987,0.163123351,0.103714674,0.069352762,0.076784905,0.139246801,0.065291672,0.090541887
0.114741028,0.095871348,0.132832372,0.112472577,0.063774344,0.109664345,0.135340980,0.093334255,0.065788219,0.076180532
0.118816762,0.094732820,0.130559545,0.133774660,0.058600977,0.101099885,0.063059089,0.091269012,0.123215355,0.084871897
0.063595516,0.139498960,0.119904312,0.089566585,0.067864512,0.072328828,0.110513220,0.143499430,0.094901882,0.098326756
0.106136456,0.100792904,0.072174018,0.064619949,0.091626296,0.075391119,0.125086742,0.063783588,0.155806912,0.144582017
0.138037502,0.075806039,0.132845631,0.126230221,0.094378009,0.124590151,0.118885282,0.072774400,0.057524573,0.058928192
0.089638604,0.078969603,0.109634060,0.122914700,0.081078533,0.070854968,0.105173107,0.141582764,0.100532142,0.099621520
0.063836969,0.105105498,0.097098935,0.161883328,0.089185602,0.068953342,0.102381480,0.140439270,0.077322333,0.093793242
0.124012167,0.071902277,0.107019652,0.095642032,0.130524422,0.120938966,0.085275102,0.075078940,0.127180119,0.062426322
0.069049223,0.121541928,0.135274009,0.099121438,0.063204747,0.057339606,0.115981558,0.088425444,0.122556474,0.127505572
0.072787945,0.105821524,0.073639496,0.114872098,0.141541147,0.076640246,0.130656719,0.081248045,0.100444934,0.102347845
0.067070582,0.117574588,0.144578319,0.089186573,0.083139979,0.075846402,0.069076674,0.079666611,0.107257278,0.166602995
0.069919195,0.136632882,0.106004625,0.086152305,0.069676462,0.084003214,0.127850497,0.113023225,0.122474206,0.084263391
0.141701626,0.113571299,0.092594864,0.089870739,0.124669128,0.067058681,0.107672765,0.117539827,0.069085979,0.076235091
0.061169643,0.074143327,0.158389717,0.130382241,0.078462908,0.087550733,0.085199161,0.123537001,0.084084897,0.117080374
0.098360383,0.086718337,0.125338867,0.114018554,0.086741575,0.136549899,0.082151002,0.107018378,0.058992763,0.104110240
0.093096299,0.058997824,0.115041284,0.128080157,0.150194254,0.142785545,0.099053509,0.058183398,0.091984512,0.062583219
0.058114034,0.108960719,0.080625166,0.056218213,0.137976633,0.143561684,0.093237167,0.082546709,0.124492191,0.114267486
0.124744438,0.065782706,0.149394789,0.086642395,0.060098775,0.078985589,0.110436443,0.101161888,0.139978031,0.082774946
0.124515224,0.169587342,0.079431274,0.108024527,0.095213549,0.074291427,0.115759958,0.070236792,0.081514991,0.081424917
0.107509674,0.089462346,0.091261263,0.128786194,0.104073966,0.081593394,0.108763080,0.109631798,0.092190890,0.086727395
0.098889706,0.099706142,0.064174985,0.106558349,0.134005384,0.120450764,0.094590385,0.097809562,0.119315178,0.064499546
0.135928064,0.078091811,0.100336676,0.126038804,0.074253851,0.106185437,0.079798236,0.152498291,0.089745980,0.057122850
0.129137836,0.106200319,0.070248744,0.122417159,0.075336862,0.090726991,0.069841833,0.139339720,0.085443421,0.111307115
0.069704687,0.071982214,0.111940854,0.071900272,0.180236108,0.070212880,0.127731195,0.084709292,0.086826607,0.124755890
0.076455847,0.101785955,0.120814885,0.140873255,0.076929082,0.071355300,0.121843879,0.062599879,0.128755405,0.098586513
0.113922728,0.092126065,0.120331867,0.143280668,0.059631284,0.074302903,0.078192704,0.080656167,0.117452413,0.120103201
0.089099689,0.143376960,0.108558414,0.099954685,0.072088444,0.071831094,0.111309865,0.066097975,0.103691925,0.133990948
0.119550114,0.101512069,0.077846096,0.131269668,0.134484191,0.059442106,0.117746984,0.098435981,0.081451507,0.078261284
0.126039580,0.089615390,0.069094506,0.070372789,0.074083221,0.102397839,0.072039191,0.142063658,0.115019177,0.139274650
0.124692671,0.084741907,0.079746638,0.075025439,0.079880735,0.111075800,0.129705162,0.158253191,0.077184188,0.079694270
0.075689374,0.149275435,0.117991734,0.103324080,0.125064641,0.090444252,0.068913843,0.099135875,0.109844053,0.060316714
0.062355997,0.117747565,0.132827968,0.062939727,0.095763520,0.089058847,0.102088600,0.121624964,0.117578760,0.098014052
0.090787065,0.135472576,0.127142988,0.064005028,0.101661884,0.135106399,0.065932181,0.098466010,0.111402235,0.070023635
0.079200927,0.065194847,0.121256306,0.074076663,0.118966080,0.112927274,0.096806344,0.120253867,0.085728015,0.125589677
0.104577763,0.134590192,0.147934079,0.132174539,0.075766867,0.077711794,0.114699894,0.067631461,0.080067841,0.064845570
0.134916058,0.064988421,0.089583627,0.117386816,0.125563137,0.130244123,0.073338652,0.059615208,0.119766804,0.084597154
0.136233627,0.122927294,0.102249610,0.100291903,0.132938530,0.066773574,0.087758736,0.062872099,0.108645954,0.079308673
0.106309924,0.067076852,0.115723657,0.060883554,0.059139562,0.130765465,0.121444835,0.064032814,0.150217899,0.124405439
0.136946829,0.130332134,0.110598494,0.061487651,0.088365726,0.099931783,0.120218307,0.099973348,0.061898470,0.090247257
0.063419651,0.084609717,0.130945486,0.135992091,0.158816220,0.072249455,0.138427661,0.060670147,0.085571609,0.069297963
0.073023797,0.117554451,0.134299878,0.135439529,0.077440728,0.084460491,0.066520059,0.087334660,0.156014433,0.067911975
0.109215923,0.115131780,0.125008236,0.084534573,0.116279967,0.058274229,0.068383886,0.132295507,0.053189673,0.137686226
0.079434795,0.117819228,0.113546189,0.074234364,0.111895322,0.127308239,0.076001431,0.099635293,0.113167680,0.086957458
0.127105233,0.136428020,0.052133086,0.065038266,0.131708663,0.106041968,0.111536604,0.063826152,0.077270430,0.128911578
