0.101142059,0.082898142,0.074823979,0.074165158,0.088185419,0.168388619,0.103165906,0.148425155,0.087831333,0.070974229
0.101490314,0.093128871,0.081696657,0.079258620,0.091901774,0.108339073,0.121119123,0.080285487,0.166241526,0.076538553
0.083876727,0.074021871,0.128112644,0.138716451,0.110241238,0.065532821,0.092672629,0.141771192,0.084951329,0.080103098
0.084513616,0.092337537,0.123966278,0.148508559,0.080460153,0.063805042,0.092862758,0.135920720,0.120423763,0.057201576
0.071300007,0.177339399,0.087216109,0.086972414,0.079556074,0.093998793,0.073344042,0.086755491,0.107716932,0.135800739
0.070853339,0.072836816,0.072869611,0.085843669,0.147963611,0.081545633,0.100140989,0.100602086,0.152477308,0.114866938
0.100501162,0.080011618,0.107659821,0.126587406,0.085934200,0.120803206,0.102696623,0.141289286,0.081252005,0.053264674
0.072795292,0.071416521,0.089374092,0.144174132,0.084925984,0.105885170,0.104403052,0.072665494,0.091626883,0.162733380
0.074229348,0.123227425,0.137638079,0.128659877,0.082561095,0.115073787,0.070406060,0.057481426,0.083712975,0.127009926
0.059600630,0.140872975,0.111659570,0.119471580,0.060268514,0.103707430,0.099488921,0.057679822,0.135161798,0.112088760
0.120205615,0.096045617,0.130966472,0.091346198,0.077498893,0.126369230,0.070426155,0.091577757,0.112089883,0.083474180
0.170842483,0.068502851,0.085353352,0.104510564,0.093152722,0.074006398,0.077607502,0.126136938,0.124254795,0.075632395
0.100852447,0.110882015,0.074445248,0.138265959,0.062420005,0.083138068,0.122722574,0.093777363,0.117674551,0.095821770
0.113163909,0.077943355,0.107030551,0.120200341,0.094889856,0.099961463,0.120113477,0.079515721,0.118887003,0.068294324
0.062329355,0.134269706,0.122368035,0.103477145,0.095763769,0.114443543,0.085697378,0.141571612,0.073108301,0.066971155
0.064616949,0.093853617,0.127751442,0.135065209,0.101398879,0.088038479,0.121194822,0.059554292,0.097264972,0.111261338
0.158677757,0.063925732,0.064313449,0.077599093,0.091098050,0.103534535,0.138863988,0.069207241,0.092617897,0.140162257
0.063959765,0.139506348,0.131685071,0.100192355,0.073504123,0.091625470,0.081757867,0.120753718,0.070457236,0.126558049
0.087694051,0.121188194,0.089946019,0.143168659,0.097739939,0.094304717,0.067039831,0.144321041,0.091327413,0.063270137
0.099111583,0.058897679,0.073024327,0.129373206,0.089275731,0.068690204,0.136637396,0.135015862,0.151853747,0.058120265
0.110136323,0.144800803,0.071564922,0.077120852,0.154571026,0.077954884,0.071952516,0.103470513,0.096005226,0.092422934
0.082806579,0.083259109,0.083068531,0.071022167,0.093500924,0.111991874,0.132848708,0.098024448,0.107437946,0.136039714
0.105929111,0.071488788,0.129702931,0.081671477,0.122091223,0.072379860,0.088824312,0.083778436,0.119676387,0.124457475
0.150676796,0.110137003,0.082156967,0.079472039,0.060014275,0.081531405,0.109107394,0.067286179,0.149957122,0.109660821
0.102598052,0.070215309,0.098453753,0.098830718,0.150067684,0.067099649,0.111607963,0.132295043,0.074492603,0.094339225
0.159261733,0.085846053,0.070203185,0.072370378,0.109122127,0.062594233,0.126548678,0.103415882,0.063397320,0.147240409
0.092779867,0.119516861,0.099596797,0.068939918,0.077677216,0.099028004,0.132182921,0.127933566,0.112845617,0.069499231
0.068265639,0.076807495,0.139445665,0.122031807,0.066525433,0.072658364,0.160741761,0.067468152,0.070889834,0.155165852
0.075571086,0.095009699,0.114340963,0.124232803,0.072385317,0.113470789,0.109097334,0.076524600,0.098398499,0.120968911
0.063061941,0.058644007,0.151761019,0.071116895,0.126018454,0.153499949,0.105983418,0.087956330,0.065498860,0.116459127
0.130476038,0.105139528,0.082900267,0.063735589,0.103435118,0.101896526,0.079623417,0.140167071,0.077154039,0.115472408
0.093036050,0.114405563,0.069393426,0.134764296,0.057570092,0.136252027,0.139629215,0.108438712,0.078187227,0.068323391
0.084778273,0.093180763,0.123966047,0.136962462,0.113610038,0.121717390,0.093947856,0.066223933,0.090132444,0.075480793
0.088419486,0.091180663,0.077803276,0.072813195,0.122935075,0.100417065,0.084131052,0.079645562,0.121777170,0.160877457
0.056115247,0.093932272,0.111284261,0.137437345,0.116580194,0.150228130,0.074925936,0.131399685,0.067781422,0.060315508
0.088926043,0.064068916,0.103132686,0.115728301,0.119515125,0.066440636,0.089131518,0.161506014,0.067053497,0.124497264
0.063280645,0.127966276,0.062177682,0.098137199,0.116619347,0.089633837,0.105275315,0.121489694,0.126763838,0.088656168
0.075167020,0.118597451,0.128688395,0.139734444,0.126515260,0.094018651,0.096550598,0.094529551,0.069540392,0.056658236
0.113172328,0.090190140,0.058557129,0.062563054,0.134773372,0.128055336,0.080008789,0.151553465,0.120864649,0.060261737
0.095294406,0.091004735,0.129016453,0.063291661,0.059246600,0.117805846,0.116409181,0.119234669,0.082269018,0.126427432
0.068457463,0.123901961,0.133362463,0.075536920,0.089134160,0.068178712,0.128078627,0.115004962,0.058115591,0.140229142
0.071467195,0.085937355,0.110318494,0.125029168,0.124272680,0.056933151,0.093000163,0.112574889,0.137731479,0.082735426
0.069987781,0.150115436,0.106250261,0.059244570,0.146256266,0.071568704,0.121240293,0.120648886,0.073181199,0.081506606
0.107941775,0.127048603,0.059042236,0.068558025,0.062943615,0.150879263,0.114840639,0.136908981,0.075798387,0.096038476
0.126712677,0.095696019,0.100985374,0.083080396,0.105671822,0.152011383,0.057340800,0.080395655,0.103384482,0.094721393
0.140418390,0.054809886,0.066969885,0.116015758,0.113575662,0.058041745,0.133675691,0.141161416,0.092576099,0.082755467
0.103388677,0.069603759,0.069855692,0.081117582,0.082977251,0.133148848,0.097010688,0.132791366,0.069163824,0.160942313
0.065833543,0.105476850,0.074512788,0.107191852,0.071700615,0.060815747,0.135527274,0.144204661,0.132530469,0.102206201
0.123951998,0.076871665,0.080121361,0.136809080,0.101524000,0.078725192,0.065862225,0.142130097,0.082560507,0.111443874
0.074480017,0.083873794,0.067147870,0.128950374,0.083839377,0.143022463,0.069500611,0.141172067,0.079264798,0.128748629
0.073286434,0.129054727,0.102048102,0.093117413,0.090021845,0.106766595,0.123348278,0.129324666,0.062832196,0.090199744
0.081880809,0.074344127,0.077675946,0.122755152,0.078983037,0.137105602,0.145924250,0.146999641,0.070250101,0.064081335
0.080123711,0.134857218,0.065684103,0.105239608,0.101210038,0.131148723,0.111518085,0.112817978,0.054158614,0.103241923
0.071474775,0.117527803,0.155943024,0.094922900,0.087900377,0.086787290,0.088238060,0.089625753,0.085219680,0.122360337
0.095932726,0.108751107,0.076710162,0.163750616,0.085164507,0.101730264,0.067365353,0.139131300,0.098555815,0.062908149
0.086629212,0.074744623,0.099973349,0.111482998,0.080437928,0.093241203,0.088678407,0.110555623,0.097699156,0.156557499
0.055540851,0.092875157,0.128375195,0.101008418,0.069622870,0.073888600,0.125533745,0.089361021,0.140974116,0.122820026
0.098050302,0.113637256,0.081499842,0.067595331,0.067297453,0.080484516,0.072094396,0.114261097,0.149619169,0.155460636
0.120226888,0.069069190,0.107424799,0.093779676,0.107695155,0.105094214,0.081216294,0.149440543,0.071166849,0.094886393
0.077162871,0.143341650,0.100130938,0.131956951,0.062984477,0.061432480,0.079990706,0.132247264,0.095958574,0.114794089
0.065499570,0.135618395,0.090307245,0.088840763,0.064539842,0.137586321,0.084827230,0.136018850,0.121265243,0.075496542
0.159905356,0.096904829,0.147774763,0.066991935,0.077670796,0.074197417,0.135612200,0.070051496,0.102467344,0.068423865
0.096542257,0.118262320,0.078719102,0.135049147,0.128158254,0.090544877,0.069141531,0.068970550,0.127924830,0.086687133
0.089036846,0.140866820,0.087784664,0.162271039,0.093556991,0.074592986,0.135738159,0.076549287,0.064350943,0.075252266
0.068323229,0.152133707,0.149218992,0.067662587,0.106534637,0.061759854,0.101238329,0.085789991,0.070880527,0.136458147
0.066006358,0.120944556,0.118300515,0.100285021,0.097496552,0.139769065,0.066707959,0.069475709,0.125758487,0.095255779
0.115254229,0.138165007,0.105368873,0.058364321,0.099424522,0.088470986,0.102436700,0.084567681,0.144734202,0.063213480
0.073030028,0.145225204,0.104090158,0.055074591,0.114808660,0.129655631,0.127095282,0.083917578,0.094102426,0.073000441
0.097575271,0.112018155,0.088395717,0.135532404,0.114705259,0.065826598,0.058827513,0.113336154,0.085042849,0.128740080
0.142753237,0.078371491,0.084616799,0.100141336,0.076103412,0.117527836,0.123280602,0.109167329,0.074695347,0.093342611
0.076248353,0.096635692,0.063705661,0.089980507,0.078087813,0.136724602,0.126520804,0.114951538,0.067996101,0.149148928
0.095924115,0.110730218,0.087018156,0.099904239,0.115192108,0.084736193,0.083541936,0.087048494,0.085465773,0.150438768
0.131861697,0.070747537,0.149431691,0.061458564,0.123801062,0.077823184,0.108239385,0.068791407,0.096349616,0.111495857
0.106459893,0.079350658,0.114933903,0.064276675,0.062337729,0.106054952,0.164447561,0.093706150,0.110223302,0.098209177
0.093096054,0.071735841,0.135418829,0.097294889,0.102747240,0.103165225,0.095684883,0.089902616,0.086718677,0.124235746
0.135521113,0.057781417,0.123926886,0.143224813,0.093888025,0.090700174,0.057514395,0.122178000,0.080675661,0.094589516
0.108888404,0.067082193,0.136947862,0.134033190,0.088860751,0.130859152,0.078555448,0.071123789,0.092176106,0.091473104
0.087840461,0.122600349,0.123288275,0.101483714,0.080912791,0.142463894,0.068876414,0.063967736,0.067542720,0.141023646
0.072977032,0.152303420,0.062099965,0.066677346,0.144176159,0.087087043,0.066592065,0.079818151,0.122196578,0.146072240
0.107232358,0.086042564,0.076560636,0.095521377,0.077122633,0.133529608,0.103604879,0.072271132,0.171262709,0.076852103
0.108036034,0.120482093,0.071128751,0.058894918,0.096399605,0.137479979,0.119437947,0.103928762,0.080553675,0.103658237
0.104595137,0.059928316,0.096590532,0.100174342,0.117902787,0.086235337,0.089409427,0.133528399,0.115405601,0.096230122
0.141030871,0.099598894,0.097819385,0.082453901,0.063487674,0.072208734,0.098958869,0.126038598,0.077075784,0.141327290
0.138838221,0.078490800,0.126560808,0.077578414,0.097107424,0.121768865,0.086600639,0.081713791,0.119353888,0.071987150
0.072045230,0.098507109,0.092630472,0.112439331,0.066320225,0.060303399,0.150384144,0.151253349,0.112161909,0.083954831
0.107891598,0.076079048,0.079223085,0.063238185,0.068517254,0.165458316,0.115119988,0.144635543,0.114812171,0.065024812
0.068500285,0.099453756,0.115672067,0.075155290,0.075209721,0.115307589,0.062898851,0.134830172,0.118331547,0.134640722
0.098415766,0.108142688,0.064860674,0.114406636,0.106948276,0.084953750,0.100253252,0.066550191,0.088999167,0.166469599
0.090253876,0.147327300,0.138784045,0.063723439,0.075463763,0.081776878,0.087786110,0.075697198,0.084368310,0.154819080
0.114429648,0.092421952,0.124290998,0.121907555,0.068513235,0.081811790,0.091031529,0.106018639,0.134016093,0.065558560
0.082889574,0.128516619,0.084923971,0.123417098,0.137747333,0.078319173,0.100177016,0.088483670,0.076169414,0.099356134
0.114625614,0.079307556,0.069878901,0.135391481,0.078264363,0.166339578,0.065629064,0.074072497,0.135542117,0.080948829
0.057686868,0.091980555,0.059943517,0.085579474,0.105660003,0.092575304,0.134322110,0.098561489,0.137296383,0.136394297
0.081138965,0.152899234,0.095385389,0.093154457,0.166006994,0.068643760,0.076811954,0.079921337,0.100404493,0.085633417
0.070389291,0.119407499,0.066157866,0.104282306,0.066152369,0.159286348,0.098264491,0.122885886,0.072278669,0.120895275
0.136946415,0.136066374,0.079175958,0.090682440,0.083432155,0.095499151,0.093309481,0.096301012,0.099710838,0.088876175
0.081962142,0.094951420,0.126975735,0.060758900,0.101801794,0.088147794,0.064628782,0.132544951,0.125215431,0.123013052
0.116164479,0.064421111,0.064837482,0.105021472,0.100025680,0.138867701,0.071308921,0.146468449,0.104127155,0.088757550
0.128960599,0.094524107,0.074889548,0.103956305,0.073776048,0.087296215,0.070828449,0.117686448,0.120615905,0.127466374
0.070103325,0.123933004,0.106284861,0.113222878,0.092995335,0.087177778,0.077605974,0.101303259,0.126438785,0.100934801
0.111499094,0.104749967,0.121376960,0.061194191,0.121568247,0.124747433,0.117942463,0.097461994,0.061013654,0.078445997
0.132141961,0.137007655,0.094468143,0.101532458,0.071192289,0.136962604,0.068355935,0.124082384,0.067251230,0.067005342
0.121652081,0.109666076,0.118119908,0.105228687,0.122330516,0.099042374,0.074911528,0.102555134,0.076139785,0.070353911
0.077171831,0.117008224,0.061849677,0.091975728,0.162251095,0.074666732,0.069418138,0.084366428,0.108037810,0.153254337
0.111091063,0.061173364,0.114781384,0.136373825,0.095950585,0.135102250,0.120725242,0.061004114,0.068899708,0.094898466
0.103784863,0.098280527,0.114036464,0.118810569,0.063113625,0.125550177,0.101569389,0.109521065,0.073144363,0.092188959
0.138950324,0.064218877,0.119045291,0.083692975,0.135617398,0.109906004,0.084127946,0.057110749,0.122492902,0.084837534
0.081160887,0.137019546,0.132775062,0.082552633,0.078968579,0.110830153,0.129611194,0.078571982,0.080858044,0.087651920
0.148245982,0.061371493,0.056289485,0.084588235,0.101142521,0.073613471,0.078248575,0.145044308,0.117988303,0.133467626
0.066028785,0.113504660,0.067388503,0.081323102,0.090383271,0.120924667,0.077151474,0.123718090,0.167926206,0.091651243
0.093922951,0.110120732,0.073259161,0.129884055,0.097236583,0.060296766,0.120826283,0.088351680,0.115888097,0.110213690
0.070058937,0.080846173,0.057135211,0.123249307,0.106922398,0.058522106,0.150908232,0.130830751,0.078313012,0.143213872
0.132032780,0.078527395,0.098851879,0.128529967,0.090134586,0.092728692,0.076495849,0.110545067,0.058597302,0.133556482
0.099609409,0.116805293,0.109208761,0.080310045,0.146825746,0.108786260,0.074702947,0.091601201,0.101574527,0.070575810
0.100248143,0.098598217,0.111387933,0.084262485,0.116865173,0.070678264,0.086886528,0.148847675,0.076890714,0.105334867
0.120864706,0.090008504,0.110417993,0.110041582,0.088770308,0.099998064,0.112107001,0.074577156,0.076303368,0.116911318
0.115825237,0.071036008,0.098263433,0.080505207,0.121789941,0.135957882,0.120815949,0.075693784,0.106454621,0.073657938
0.150291733,0.106127419,0.075977512,0.109623757,0.091542901,0.066764631,0.083012025,0.066711396,0.082320042,0.167628584
0.087889687,0.110424195,0.068615163,0.121913688,0.082436460,0.134183093,0.098119377,0.113856028,0.113970935,0.068591375
0.112542446,0.059399127,0.097295794,0.108583568,0.083110018,0.125433783,0.081698266,0.128137109,0.126749122,0.077050767
0.129086395,0.080233557,0.138674673,0.124456825,0.100183607,0.092134747,0.089194046,0.093608799,0.075650469,0.076776883
0.095912513,0.087534064,0.110743912,0.132844394,0.069343032,0.104647435,0.095892544,0.072116682,0.090141939,0.140823484
0.160954804,0.090273300,0.065397461,0.064736337,0.062686966,0.136603230,0.062745435,0.131477512,0.079868383,0.145256573
0.097745584,0.106127722,0.113105405,0.097028829,0.121050993,0.063882074,0.101767917,0.065287736,0.135173570,0.098830171
0.149355195,0.095677705,0.156831946,0.065699854,0.059512167,0.135604574,0.070462031,0.084794487,0.096351550,0.085710490
0.081485794,0.074210347,0.115813867,0.077000473,0.134755522,0.070002682,0.095564520,0.115471824,0.119906664,0.115788307
0.138520543,0.109015882,0.066462142,0.063894705,0.062710734,0.115350543,0.137011517,0.138829466,0.094121180,0.074083288
0.108790916,0.124448332,0.100412389,0.074299848,0.074576706,0.117991397,0.093018870,0.071578442,0.126875760,0.108007340
0.094742320,0.157039117,0.076222199,0.066022009,0.108750427,0.071783334,0.154753114,0.077243680,0.065334161,0.128109638
0.125706695,0.091106696,0.082720798,0.077502722,0.137011922,0.078675888,0.094372311,0.082187399,0.145570669,0.085144900
0.074285026,0.067185057,0.067232072,0.067885153,0.159550512,0.116550118,0.072067795,0.160873246,0.142222331,0.072148690
0.067644562,0.103132496,0.071456614,0.119866390,0.129960052,0.071228906,0.130932318,0.153831661,0.086530644,0.065416358
0.101107395,0.102107707,0.096627508,0.124690425,0.102807273,0.086680803,0.140299730,0.109615386,0.060205139,0.075858633
0.134399562,0.085479262,0.107414183,0.097475362,0.062449881,0.092373293,0.114718862,0.127933828,0.059759983,0.117995783
0.098869757,0.107124795,0.107481165,0.061221473,0.127382547,0.077990123,0.124278436,0.061997341,0.116907151,0.116747212
0.128160659,0.069394957,0.143908369,0.137807329,0.058360235,0.075681080,0.075852411,0.089141557,0.134350194,0.087343208
0.061728642,0.147859343,0.095679445,0.141802861,0.087347043,0.067583802,0.112187019,0.074515113,0.135972020,0.075324711
0.107470857,0.075829391,0.134532752,0.119522256,0.147018474,0.077993736,0.087890642,0.119817457,0.069220501,0.060703933
0.113084249,0.080071648,0.125179935,0.062705243,0.136723146,0.097354223,0.058660790,0.124023756,0.101341143,0.100855867
0.073666712,0.117368050,0.074863973,0.116841726,0.091135895,0.135685859,0.095541154,0.106658236,0.055211406,0.133026988
0.061133224,0.122723119,0.118482657,0.155310745,0.063854669,0.076464623,0.063949147,0.090058631,0.104529697,0.143493490
0.095551447,0.063723763,0.093916056,0.108096182,0.069302064,0.081873186,0.138474844,0.074854339,0.153216909,0.120991210
0.072582434,0.131653121,0.082173408,0.077768937,0.107650967,0.095157926,0.145162640,0.054874787,0.148231542,0.084744236
0.098194805,0.064056744,0.123746091,0.135490645,0.058680356,0.124022704,0.090201451,0.129721937,0.064901726,0.110983541
0.085765104,0.095367053,0.141722692,0.080093537,0.095379956,0.080706103,0.092710097,0.080799181,0.105578751,0.141877525
0.147532531,0.096349701,0.124600516,0.070144579,0.071552820,0.106942436,0.062157188,0.123287054,0.128898561,0.068534614
0.105738948,0.111740566,0.098687577,0.072686878,0.131538743,0.063614311,0.137641589,0.135966077,0.067777400,0.074607911
0.091316145,0.122991010,0.089261639,0.102278735,0.120835337,0.083996101,0.081342698,0.104128709,0.067271664,0.136577962
0.112083273,0.112812067,0.086003388,0.119783078,0.075539231,0.115418589,0.093566859,0.130465076,0.066037497,0.088290944
0.083329755,0.131072236,0.074060012,0.112805519,0.109720881,0.068656645,0.118977386,0.087313448,0.117928038,0.096136079
0.057785785,0.120191964,0.090716918,0.061526225,0.131762593,0.111157036,0.071908455,0.146427483,0.083126734,0.125396806
0.096979074,0.146246235,0.102641928,0.067203590,0.087856065,0.101830004,0.097258441,0.129809244,0.102457098,0.067718319
0.072189577,0.061914897,0.093581702,0.058962393,0.135139687,0.087735858,0.102409046,0.124470418,0.142298288,0.121298134
0.125071608,0.101223022,0.093988244,0.115962407,0.110234125,0.088430894,0.098041079,0.084589079,0.057234072,0.125225469
0.098471530,0.112642453,0.123156762,0.097963443,0.099915250,0.112144142,0.057672477,0.092940436,0.096455443,0.108638066
0.124926093,0.092882404,0.072397348,0.073680522,0.092242359,0.107625946,0.102145949,0.101550168,0.141539458,0.091009751
0.147183405,0.109740041,0.108762815,0.080969046,0.063885810,0.107872851,0.094509781,0.062109155,0.095128867,0.129838228
0.087398154,0.085922443,0.099658887,0.099595025,0.120744164,0.112143041,0.118657337,0.100538492,0.075210453,0.100132002
0.080495252,0.079880508,0.096082785,0.098803219,0.132999642,0.109440131,0.088249985,0.127573086,0.125921383,0.060554010
0.127866736,0.075948706,0.095411044,0.122488356,0.138465769,0.103351226,0.083508799,0.105370361,0.083399774,0.064189229
0.113509163,0.071930426,0.088551066,0.099308213,0.077631256,0.100050382,0.110051449,0.112472940,0.091262761,0.135232344
0.101792061,0.064711429,0.122194825,0.134381753,0.088612024,0.116404977,0.100198692,0.109207958,0.101464739,0.061031543
0.104379001,0.120249770,0.124617897,0.115241642,0.115657246,0.074536116,0.059011964,0.058111134,0.135406363,0.092788867
0.132595261,0.103326067,0.137525446,0.077208658,0.084351178,0.075074411,0.076711286,0.094151558,0.102966839,0.116089296
0.072359275,0.099232299,0.075661439,0.138246733,0.063800394,0.154050244,0.071493718,0.160344450,0.102622829,0.062188621
0.071089347,0.099984474,0.098764081,0.107288758,0.082139364,0.123406685,0.079018141,0.066927060,0.152405193,0.118976898
0.094909079,0.130314131,0.067479749,0.109727077,0.065252393,0.103333719,0.076356102,0.142921934,0.129414822,0.080290993
0.100491908,0.103037264,0.089145441,0.114244896,0.125753515,0.129146090,0.116691438,0.078333097,0.073155289,0.070001062
0.153752538,0.150020175,0.073824803,0.068136162,0.150481656,0.070633985,0.068375082,0.092586233,0.067209526,0.104979839
0.142880020,0.134451231,0.112972584,0.061182997,0.080987330,0.113041571,0.124845363,0.089066309,0.080824034,0.059748560
0.109562162,0.075622180,0.129806544,0.107625250,0.060574751,0.067501326,0.124451329,0.147279103,0.090938046,0.086639309
0.124697106,0.078832863,0.095560223,0.099349492,0.141357752,0.095240300,0.080309433,0.132299010,0.081402558,0.070951264
0.120032639,0.073224561,0.098410171,0.097860889,0.061410192,0.070184907,0.138936336,0.125458171,0.097853665,0.116628468
0.125604998,0.119235144,0.105356605,0.121482544,0.097947214,0.051880177,0.087259747,0.117177782,0.066348101,0.107707688
0.122460861,0.115262315,0.064634790,0.115646929,0.124923024,0.098506908,0.125589835,0.073680724,0.095335834,0.063958779
0.120576626,0.070247832,0.098807280,0.111680168,0.067442872,0.137648351,0.128569728,0.092098486,0.106077443,0.066851216
0.097935642,0.117933178,0.132120527,0.069487406,0.123131315,0.135016190,0.065976895,0.077165326,0.062829428,0.118404094
0.065966453,0.090260035,0.128190969,0.059865677,0.124009025,0.076305534,0.111104909,0.076464912,0.138212120,0.129620367
0.099081022,0.082939168,0.071161073,0.092950541,0.097949360,0.069488064,0.118025046,0.171629209,0.123718882,0.073057635
0.103723043,0.085564541,0.121476383,0.114350697,0.074841547,0.107250051,0.103041133,0.122477606,0.112681006,0.054593991
0.100279213,0.103681552,0.102676646,0.095492191,0.060835509,0.148013117,0.120671122,0.065678890,0.140968495,0.061703267
0.142926867,0.081046091,0.066999041,0.139479983,0.088914163,0.127058310,0.074755822,0.113911617,0.105698381,0.059209725
0.091202426,0.072571697,0.164633906,0.110655314,0.080461537,0.066145036,0.093238637,0.117334131,0.076288020,0.127469296
0.117024254,0.126224892,0.080048160,0.143471943,0.076332250,0.074131654,0.090544105,0.076367777,0.079726298,0.136128668
0.110146298,0.067424121,0.144816645,0.069649418,0.132007345,0.083487783,0.123062001,0.083937411,0.107241508,0.078227470
0.099958452,0.112606781,0.069304970,0.064184671,0.149908985,0.104720862,0.063512464,0.129960980,0.080024431,0.125817403
0.105977074,0.117675098,0.081523117,0.117674328,0.162116081,0.084785893,0.094544508,0.088871529,0.076267225,0.070565146
0.086090488,0.073466018,0.176854357,0.096349511,0.088499318,0.083277004,0.072355967,0.078147663,0.084412618,0.160547056
0.063240418,0.070058565,0.076842558,0.155929800,0.137847363,0.062144996,0.083648473,0.134907529,0.135664860,0.079715440
0.093784219,0.080211057,0.066839538,0.120593250,0.066058648,0.086489531,0.129868050,0.113177584,0.095879470,0.147098654
0.087807438,0.070948351,0.067300465,0.140395334,0.104845517,0.100952185,0.146933942,0.065176857,0.144284771,0.071355139
0.097689094,0.107517773,0.084523587,0.115222687,0.083581969,0.068870582,0.107077300,0.153098570,0.085991677,0.096426761
0.113558019,0.074415692,0.153501451,0.065717670,0.082814410,0.093137019,0.098165575,0.125147678,0.109295139,0.084247347
0.084430019,0.151312908,0.100222474,0.074442673,0.120654584,0.141814725,0.070815234,0.077560452,0.086891171,0.091855759
0.060651728,0.136272668,0.067106209,0.126717225,0.071508732,0.090738140,0.064107465,0.110632583,0.150229841,0.122035408
0.057074943,0.110036562,0.066784161,0.078429315,0.099135729,0.090006525,0.143693309,0.124952654,0.143109615,0.086777188
0.127483399,0.118805427,0.061102612,0.109201305,0.100825524,0.084531359,0.086418238,0.136127659,0.092815784,0.082688692
0.091175363,0.089348981,0.073911939,0.078295899,0.095430771,0.120529810,0.112383522,0.069067718,0.154580604,0.115275393
0.129213476,0.086613024,0.143951733,0.079196981,0.091006779,0.090948025,0.088123773,0.103330456,0.059749592,0.127866160
0.080946628,0.136397150,0.093159118,0.096674457,0.082529937,0.086832548,0.076184427,0.079801431,0.138143183,0.129331121
0.147109433,0.089971343,0.143048339,0.080188503,0.064958338,0.084854252,0.161141062,0.091009587,0.075714964,0.062004179
0.059933988,0.098781431,0.052760505,0.092380376,0.082040486,0.125218045,0.123135624,0.093904555,0.136213144,0.135631846
0.110829689,0.155624884,0.092057444,0.075387744,0.078954155,0.107381092,0.077499004,0.156905338,0.068904325,0.076456325
0.067891241,0.076231486,0.173522753,0.103393228,0.080394698,0.066815495,0.160207065,0.084190070,0.114423986,0.072929978
0.083280666,0.094466142,0.080094831,0.159808283,0.152539593,0.086145496,0.082324553,0.092553678,0.085845448,0.082941311
0.058074494,0.113522524,0.113131790,0.112220997,0.116257329,0.116188557,0.088237646,0.098921773,0.076589755,0.106855136
0.113822018,0.097189034,0.092131683,0.074591539,0.115051870,0.082424007,0.138024987,0.063520725,0.151833058,0.071411080
0.082624717,0.132487878,0.101255179,0.070591575,0.074806413,0.079112343,0.083428442,0.145497055,0.092166466,0.138029933
0.112625359,0.147365184,0.092551145,0.077223470,0.119328662,0.116256954,0.060484468,0.078767723,0.124909241,0.070487793
0.148891902,0.126779815,0.059566890,0.101573593,0.130448974,0.075868218,0.072651558,0.102932642,0.111848161,0.069438246
0.148846124,0.124806147,0.066958195,0.081909207,0.073027944,0.085889973,0.072865766,0.122460373,0.147126915,0.076109356
0.123328442,0.061552360,0.090487945,0.097254901,0.088046319,0.116330218,0.140365897,0.090593236,0.070455724,0.121584957
0.055617437,0.116537949,0.127225766,0.105852762,0.058096425,0.144848777,0.081682555,0.110840217,0.114934049,0.084364064
0.077740276,0.067564332,0.076531361,0.124287993,0.061616983,0.090116990,0.134957622,0.083712411,0.137682908,0.145789124
0.081591994,0.133287203,0.134432863,0.105596800,0.070103158,0.086383077,0.109985936,0.088957943,0.075991075,0.113669952
0.153099706,0.066790762,0.138318564,0.073120695,0.060940797,0.123248871,0.135790108,0.088071946,0.061333806,0.099284744
0.089894145,0.076893887,0.083520072,0.079990259,0.091305445,0.134308243,0.077485579,0.158547085,0.135476039,0.072579247
0.065457610,0.158446395,0.117421769,0.090152957,0.126398773,0.081627150,0.097410859,0.114309441,0.078776873,0.069998173
0.073110479,0.103966711,0.087043467,0.056806261,0.127948612,0.108510039,0.094328551,0.117823907,0.114653211,0.115808761
0.084164986,0.070349072,0.142901307,0.065604270,0.079608177,0.137229777,0.070634728,0.174106466,0.108820754,0.066580463
0.113921445,0.125390693,0.100816379,0.063763683,0.115806149,0.093093609,0.090143919,0.146831932,0.076510186,0.073722005
0.067974738,0.086020954,0.142780121,0.081253632,0.121766883,0.056513024,0.119544967,0.142017381,0.116267487,0.065860813
0.096022245,0.080641515,0.112987800,0.070841616,0.153637826,0.124255991,0.081759049,0.062897798,0.070627289,0.146328872
0.067480644,0.058809914,0.121855280,0.103562663,0.102605868,0.141791046,0.083749063,0.116547581,0.116087883,0.087510059
0.092759118,0.065675542,0.091212089,0.070106718,0.091941821,0.084417539,0.152509296,0.072604643,0.128698125,0.150075110
0.109644833,0.074831151,0.100795509,0.112174034,0.069022655,0.081843273,0.085278350,0.101180758,0.143445822,0.121783615
0.136912526,0.096107485,0.058310154,0.077577454,0.122050252,0.073608067,0.129999036,0.075827208,0.143382773,0.086225045
0.070060010,0.114083985,0.113052217,0.082179775,0.130519292,0.067513585,0.104413137,0.139986102,0.112706430,0.065485468
0.078017608,0.095672054,0.083232463,0.165257284,0.078619682,0.118062555,0.079042962,0.157891381,0.075064872,0.069139138
0.061180235,0.139376349,0.112450469,0.087732709,0.145993536,0.121843844,0.058385352,0.055729858,0.134479008,0.082828640
0.147670710,0.117234780,0.054827617,0.066543378,0.102044187,0.137143912,0.142537330,0.103418365,0.067218545,0.061361174
0.084323251,0.089182599,0.119080648,0.099648480,0.094786442,0.092838990,0.114501840,0.081667712,0.119188728,0.104781310
0.080951124,0.096482984,0.070736118,0.084128071,0.066337503,0.143208805,0.110523655,0.160649057,0.091549045,0.095433637
0.087767833,0.061390277,0.071363785,0.107078726,0.075237003,0.129743725,0.147253222,0.106210358,0.066624009,0.147331062
0.129390946,0.089367034,0.118799842,0.123499773,0.088337861,0.073704554,0.147003254,0.079436303,0.080969452,0.069490981
0.114458383,0.113709838,0.130761190,0.097859946,0.139999855,0.120205526,0.058230046,0.060385532,0.055684499,0.108705184
0.093861393,0.133160084,0.158418285,0.087550119,0.091632017,0.075080098,0.095176372,0.095692571,0.075566822,0.093862239
0.095416790,0.143105781,0.139577131,0.140501534,0.065237278,0.127402247,0.085558906,0.068197927,0.064829400,0.070173007
0.143514977,0.065570506,0.080816055,0.075842075,0.072823647,0.123683766,0.124617580,0.093513135,0.071826483,0.147791776
0.077388665,0.074800882,0.066864634,0.134166600,0.094437956,0.077922339,0.164187526,0.107511165,0.065386514,0.137333719
0.064942809,0.144787497,0.065979700,0.124140582,0.120938481,0.115023592,0.079282629,0.094446512,0.078705597,0.111752602
0.095294573,0.118924890,0.098009133,0.078512631,0.075688569,0.138954795,0.145924797,0.096453111,0.068552162,0.083685340
0.129028740,0.126805847,0.099826756,0.079813200,0.107017344,0.075515604,0.080442321,0.133329076,0.084664098,0.083557012
0.059414631,0.085240019,0.142536130,0.095857617,0.114402451,0.139449842,0.122667173,0.066318959,0.098030902,0.076082275
0.084063954,0.109462031,0.116362027,0.146100674,0.079615563,0.081141608,0.081527612,0.148718404,0.065127372,0.087880754
0.072735337,0.097071714,0.085373526,0.160328315,0.075038263,0.124115255,0.092807091,0.059760190,0.103640555,0.129129755
0.075186045,0.077653213,0.075738737,0.089226630,0.079998734,0.091959023,0.166572395,0.093343500,0.068061934,0.182259789
0.096164141,0.134198746,0.080227403,0.079594553,0.077500129,0.125521514,0.128026604,0.060530022,0.154108334,0.064128555
0.095902658,0.064491613,0.152787919,0.120650562,0.135765013,0.064950519,0.132599954,0.091144159,0.073165400,0.068542202
0.135910549,0.109551262,0.092201571,0.054261013,0.127632364,0.077135280,0.104792607,0.056607430,0.137646305,0.104261618
0.091109378,0.112241701,0.056696629,0.102423302,0.083404388,0.114888042,0.136621390,0.066786048,0.132567925,0.103261197
0.083676800,0.132503641,0.101860888,0.076681141,0.123704169,0.080633378,0.061118956,0.077119135,0.148237898,0.114463992
0.062784806,0.111426705,0.131121607,0.121020222,0.070269620,0.132011428,0.066125993,0.117085623,0.064465992,0.123688004
0.118941178,0.100019969,0.135118924,0.139684185,0.077416792,0.067594389,0.120568903,0.066293285,0.106340835,0.068021541
0.078671938,0.145739930,0.134233081,0.067611311,0.083401475,0.070905841,0.161314962,0.081455791,0.072919603,0.103746067
0.115315077,0.121690144,0.077819905,0.090291437,0.092871396,0.120947447,0.119195615,0.093548634,0.109631815,0.058688530
0.094908530,0.077486328,0.144176952,0.130336414,0.116343531,0.079354424,0.091601026,0.065903022,0.063681307,0.136208465
0.132371360,0.104969253,0.088639295,0.069200805,0.112748358,0.137894893,0.092379314,0.063458188,0.135755568,0.062582967
0.053945192,0.108668196,0.076146379,0.059665278,0.136890490,0.109921220,0.080438087,0.111775862,0.145879837,0.116669460
0.112482585,0.143970474,0.077710899,0.088335409,0.111251653,0.116030779,0.071849908,0.119300122,0.070570511,0.088497660
0.136232092,0.102070341,0.094961040,0.116583819,0.057424643,0.100100020,0.060638321,0.096547758,0.100656509,0.134785456
0.095029225,0.131447655,0.064043080,0.089788745,0.134558376,0.085462335,0.068139108,0.100945890,0.082278225,0.148307362
0.114145962,0.085663993,0.070076134,0.136420855,0.147897622,0.078704020,0.141519475,0.076642408,0.072304083,0.076625448
0.126005098,0.096593946,0.105719153,0.120186974,0.054745398,0.088113574,0.056411924,0.085494319,0.121695770,0.145033844
0.158939768,0.097929652,0.067851858,0.101419460,0.100146163,0.131929933,0.089271881,0.069612371,0.075822268,0.107076647
0.129430872,0.079725029,0.105088480,0.094072312,0.098819501,0.071606219,0.093125036,0.098242363,0.111810422,0.118079765
0.091573159,0.141430992,0.148515557,0.061129998,0.124753712,0.094877819,0.103525206,0.097846543,0.060616949,0.075730065
0.100367872,0.096349033,0.067435809,0.127531118,0.125104309,0.068407225,0.062806476,0.106958293,0.101328902,0.143710963
0.073996773,0.140611906,0.079814829,0.104408549,0.066588913,0.148390462,0.131186868,0.115826516,0.078154131,0.061021052
0.149423967,0.143558324,0.085724568,0.076769548,0.079276678,0.070704324,0.146270937,0.063173683,0.071661087,0.113436883
0.081825863,0.077451789,0.078383077,0.152070031,0.132865913,0.076328318,0.119925559,0.074110556,0.077496036,0.129542858
0.069799627,0.084874266,0.081863299,0.152533891,0.152752193,0.103642596,0.119546125,0.083380862,0.065781212,0.085825929
0.089219444,0.105236787,0.066974027,0.108482399,0.114142671,0.071875787,0.115591314,0.115487435,0.078200360,0.134789776
0.083511363,0.074527898,0.072933634,0.135312428,0.114505750,0.144182554,0.064654384,0.084298099,0.082313071,0.143760819
0.079819103,0.127606307,0.061832208,0.066801565,0.114378638,0.099961901,0.128647872,0.112505720,0.125811230,0.082635456
0.137959682,0.097021795,0.085120893,0.065840689,0.094738102,0.099644569,0.077634145,0.069527984,0.125341081,0.147171059
0.077755728,0.078374303,0.079293478,0.149854736,0.090303997,0.097455042,0.102850644,0.077020309,0.098739869,0.148351893
0.129761785,0.052745291,0.064078827,0.125139547,0.106130529,0.118239690,0.130719448,0.104659637,0.115249698,0.053275547
0.121811747,0.114359947,0.054717279,0.059604901,0.118154164,0.107651582,0.056917124,0.143854596,0.105579215,0.117349446
0.076482734,0.106760522,0.119288197,0.074256686,0.079263904,0.077321850,0.137789073,0.165726333,0.072765304,0.090345397
0.079600266,0.096908262,0.067976422,0.087419023,0.118017505,0.091022031,0.120863718,0.159958241,0.067383376,0.110851157
0.065432599,0.129503472,0.084131254,0.102939645,0.066709969,0.132778466,0.129156467,0.076537173,0.084285436,0.128525517
0.099968753,0.077421315,0.087471312,0.083154746,0.131034486,0.067753094,0.088054017,0.117150897,0.125530328,0.122461052
0.104966733,0.108330219,0.109286707,0.118220139,0.065650247,0.096751076,0.106601648,0.119333159,0.092662503,0.078197570
0.145920007,0.128149449,0.065145323,0.093096660,0.088253807,0.088541641,0.085378813,0.067060433,0.098943321,0.139510546
0.118355920,0.138693614,0.111263061,0.074698779,0.071339739,0.084486533,0.150876678,0.076428862,0.071413263,0.102443551
0.102519844,0.120904034,0.124538578,0.101717924,0.060130838,0.089740810,0.133827554,0.064597342,0.089299832,0.112723244
0.074075087,0.136307666,0.093628961,0.137748664,0.075796178,0.089965746,0.060781405,0.119026538,0.132459763,0.080209991
0.097704593,0.073591866,0.081424040,0.135006010,0.094201932,0.076280932,0.105691461,0.085409801,0.147503014,0.103186352
0.068360036,0.072444841,0.110609860,0.088833984,0.134146356,0.113087421,0.081886353,0.125251653,0.144687061,0.060692434
0.127798438,0.115276367,0.107722391,0.055881706,0.093357524,0.090927407,0.083274006,0.093062638,0.125463840,0.107235683
0.123827220,0.089853287,0.133980321,0.104661989,0.113818853,0.058620660,0.127068680,0.099465694,0.080029113,0.068674183
0.116467784,0.085638758,0.082515248,0.155678482,0.078300732,0.095938325,0.124014728,0.066325543,0.113091455,0.082028944
0.127416450,0.073899483,0.128184992,0.099481150,0.138848963,0.069699024,0.085232394,0.110675185,0.057294914,0.109267445
0.082413381,0.102064951,0.126191639,0.103860647,0.127306823,0.063272309,0.062134177,0.115106117,0.079068243,0.138581713
0.136942084,0.088650442,0.085251076,0.079054784,0.163174826,0.085121334,0.084135832,0.067777433,0.132242938,0.077649252
0.086348242,0.088453649,0.090871438,0.088852608,0.107187780,0.107527951,0.102868713,0.113474960,0.130220362,0.084194297
0.118071985,0.103604247,0.126875817,0.086607613,0.068510134,0.144508282,0.061410826,0.079353267,0.059793309,0.151264521
0.093239689,0.116742566,0.122773954,0.128528096,0.097496097,0.075600382,0.129540805,0.102207283,0.069286902,0.064584225
0.149468360,0.064306007,0.073845737,0.118939417,0.085551766,0.064616514,0.136282217,0.072530911,0.150041481,0.084417590
0.064708306,0.072197448,0.110005454,0.098894363,0.158415634,0.094773412,0.094460948,0.160398292,0.078643348,0.067502795
0.117575043,0.109485165,0.093971857,0.090527480,0.113167148,0.114967386,0.129469419,0.059542265,0.078923750,0.092370488
0.108481111,0.092220615,0.091994146,0.077532451,0.107650098,0.086488705,0.102655336,0.136269991,0.131554348,0.065153199
0.097236609,0.083108786,0.136421977,0.122449669,0.089523955,0.146271966,0.059037996,0.074788244,0.056926375,0.134234423
0.122170227,0.074975282,0.110446056,0.057592740,0.089233289,0.114660058,0.073361921,0.082855229,0.149907039,0.124798159
0.060915736,0.072752835,0.133195977,0.069931082,0.088571263,0.107030343,0.077284774,0.147507508,0.119624302,0.123186179
0.074648849,0.124545893,0.174492051,0.068693274,0.091368890,0.069760492,0.159616184,0.092555262,0.073647685,0.070671419
0.079740971,0.150983333,0.127755928,0.083664345,0.085306232,0.060273682,0.143730467,0.116704986,0.061903893,0.089936163
0.057409977,0.066734076,0.142016749,0.067014744,0.080744108,0.062461512,0.132186689,0.120085631,0.131186404,0.140160111
0.102700230,0.070922096,0.078643548,0.117389773,0.113051849,0.070795783,0.086169911,0.157472192,0.077963376,0.124891244
0.101456873,0.132651313,0.064954789,0.124833825,0.057518645,0.091410046,0.138259782,0.094876814,0.103160455,0.090877457
0.075733288,0.111086251,0.146345236,0.093829927,0.066763376,0.072077518,0.120987190,0.067346724,0.160856524,0.084973966
0.074162976,0.123297161,0.073993114,0.164023125,0.104961880,0.092426346,0.071059177,0.113855082,0.104644525,0.077576613
0.147680097,0.135244838,0.076388530,0.061109709,0.079867424,0.100782616,0.134434834,0.118327069,0.075554785,0.070610099
0.097569028,0.075415893,0.135341821,0.112516007,0.076408400,0.077604012,0.102805580,0.080390637,0.088685229,0.153263394
0.127070079,0.082259426,0.086605750,0.094089508,0.090476024,0.085597843,0.122205158,0.091075733,0.108422991,0.112197488
0.064565454,0.087995372,0.124127529,0.121077145,0.141914712,0.073460477,0.066958872,0.141978345,0.076121943,0.101800152
0.093949320,0.157934747,0.131814335,0.062249488,0.095838817,0.063063206,0.120190756,0.067474888,0.084080492,0.123403951
0.150083995,0.096384113,0.114660749,0.069412196,0.075303228,0.106654629,0.067784304,0.161625154,0.078160340,0.079931290
0.079937822,0.084019566,0.143467519,0.089548930,0.090397678,0.110131878,0.073597767,0.115120163,0.064143896,0.149634781
0.077668004,0.091429264,0.082549607,0.066546082,0.141340108,0.108611340,0.167963509,0.116940589,0.071058666,0.075892831
0.101585098,0.065451145,0.066171153,0.099730344,0.065813628,0.109173048,0.119348102,0.102593291,0.141339325,0.128794868
0.108965548,0.148192535,0.065397009,0.126357931,0.101419682,0.120265673,0.080938385,0.060565259,0.081184696,0.106713282
0.114418349,0.117231933,0.082311957,0.141375580,0.091365794,0.109422374,0.069295023,0.084810860,0.076272596,0.113495534
0.105012168,0.097182380,0.069148729,0.081414055,0.083556002,0.086198876,0.155440234,0.066922418,0.143564845,0.111560292
0.087526645,0.082403731,0.147608917,0.071137697,0.139611524,0.098920745,0.083333825,0.110061078,0.110636636,0.068759202
0.065167191,0.150930371,0.083553953,0.094974369,0.074270991,0.138683583,0.094413992,0.157550216,0.067143228,0.073312107
0.089710937,0.104788179,0.069351184,0.111036300,0.061766923,0.070164957,0.141174677,0.095010203,0.122435099,0.134561540
0.079780103,0.135313389,0.082817865,0.077986306,0.143215335,0.086615771,0.126582460,0.100180780,0.097253049,0.070254942
0.086812251,0.131267814,0.121164210,0.110617343,0.114221369,0.070683858,0.107899449,0.059062848,0.130241842,0.068029014
0.147971969,0.056078738,0.114004206,0.082765550,0.135553602,0.094890051,0.106743798,0.056910778,0.103868288,0.101213019
0.059697206,0.067643483,0.064894698,0.126809367,0.107821001,0.130362814,0.138638191,0.133454682,0.068344327,0.102334231
0.114037934,0.051547559,0.114369912,0.119423017,0.057758292,0.136097165,0.079795059,0.117265588,0.117826683,0.091878792
