0.070169992,0.063758229,0.072193049,0.134711179,0.111261947,0.078307727,0.091480491,0.088957982,0.155752928,0.133406475
0.115219991,0.137349217,0.084191876,0.060495607,0.068147443,0.104889933,0.116998902,0.149093790,0.077574496,0.086038745
0.128912032,0.139286424,0.081246775,0.096112386,0.109066582,0.086951772,0.070964129,0.134279649,0.083107238,0.070073013
0.087494905,0.107002802,0.102206659,0.056243371,0.134469850,0.099691765,0.112507976,0.128935849,0.072920942,0.098525880
0.084212395,0.123776719,0.069307967,0.125026404,0.052573706,0.132971399,0.070666819,0.135025297,0.073977574,0.132461720
0.121194677,0.133635693,0.128375505,0.134077415,0.118074550,0.058705779,0.083213824,0.057445318,0.076106842,0.089170398
0.115056958,0.068430468,0.134201854,0.083110660,0.121104247,0.067145133,0.127213610,0.117349346,0.086366076,0.080021650
0.056079486,0.113604903,0.065192091,0.136894280,0.082436422,0.106253460,0.088982908,0.142072984,0.067869730,0.140613735
0.068919772,0.068037822,0.084956883,0.127260661,0.115382719,0.080243639,0.137103475,0.103979998,0.094398012,0.119717017
0.130924267,0.100630069,0.070353662,0.126213347,0.070629416,0.070119525,0.070007627,0.084699074,0.136557258,0.139865755
0.117471689,0.111874200,0.120181450,0.110710977,0.080448796,0.073119577,0.107826589,0.103025318,0.093585374,0.081756030
0.087365799,0.145962962,0.144804278,0.083164008,0.095366160,0.097098684,0.063946428,0.070405970,0.069643299,0.142242412
0.145286846,0.138942013,0.057474178,0.070413129,0.065945014,0.150431578,0.117835232,0.092028828,0.104596244,0.057046938
0.071421281,0.077237192,0.131458454,0.159448473,0.090705664,0.160428632,0.062979059,0.075983502,0.075037490,0.095300253
0.101418367,0.135104104,0.129766475,0.088808095,0.062249761,0.069018392,0.102323416,0.134675461,0.101879530,0.074756398
0.128570343,0.089056837,0.092405901,0.099905424,0.077548467,0.085104837,0.095860834,0.115716391,0.116630746,0.099200219
0.118257938,0.101419639,0.064629439,0.107783005,0.120045302,0.120498326,0.107249746,0.093837083,0.089358486,0.076921035
0.099558668,0.103926742,0.165994201,0.080072669,0.065651793,0.077465305,0.066849645,0.097900804,0.175153308,0.067426867
0.136429367,0.058009867,0.098982166,0.131872176,0.115052733,0.097593189,0.081119003,0.068476783,0.106401877,0.106062838
0.100696739,0.130886809,0.073859077,0.102425177,0.086700929,0.099303185,0.102943711,0.088260723,0.132455237,0.082468413
0.122166687,0.078441767,0.088653068,0.130800379,0.082178601,0.103710410,0.072287418,0.080959270,0.145263088,0.095539311
0.076690935,0.086558519,0.098847012,0.085260306,0.100519181,0.144363162,0.085990745,0.072309183,0.166531389,0.082929567
0.070998816,0.109674723,0.119892357,0.081185747,0.120579540,0.107148277,0.112439846,0.076017215,0.132338714,0.069724766
0.077937897,0.087639744,0.079781273,0.112596556,0.070637157,0.151078013,0.127335439,0.130732181,0.085767592,0.076494150
0.104540861,0.115103159,0.086146151,0.053663268,0.128227576,0.117207007,0.100430897,0.098849694,0.118207260,0.077624127
0.083003427,0.074296622,0.114333512,0.081877671,0.107047814,0.142769457,0.113836539,0.107980250,0.057848605,0.117006104
0.145071755,0.060374951,0.075349445,0.073501328,0.120245228,0.088901398,0.134185306,0.111000384,0.098383590,0.092986615
0.077558906,0.074924903,0.066743317,0.122458967,0.110982975,0.141171740,0.116006427,0.119920775,0.099840525,0.070391465
0.114488323,0.066713599,0.066477532,0.103692391,0.140618121,0.142366157,0.074604090,0.125056565,0.088126515,0.077856708
0.150994486,0.073670669,0.127816425,0.087317197,0.162803338,0.069012418,0.072128432,0.075019372,0.117053438,0.064184226
0.133230792,0.089396718,0.101821641,0.130954319,0.144453479,0.054779218,0.070220945,0.079895143,0.140100222,0.055147524
0.154435686,0.107951400,0.063441637,0.148433058,0.119816880,0.061395337,0.088056362,0.061497586,0.122923269,0.072048785
0.069998807,0.079369992,0.067477395,0.142824144,0.146682073,0.112856052,0.115899747,0.066309804,0.061367690,0.137214296
0.167784382,0.083655410,0.067027382,0.111566971,0.078792816,0.138341548,0.092165560,0.104078012,0.079871935,0.076715984
0.060980871,0.067065611,0.145299976,0.144674813,0.107167049,0.074273384,0.090016853,0.078495788,0.080828181,0.151197474
0.134857219,0.074449096,0.126721458,0.108840094,0.114440043,0.098633696,0.073990886,0.078056696,0.076006546,0.114004266
0.073228042,0.094252600,0.128427143,0.084623267,0.104425488,0.066555626,0.174628191,0.091137919,0.081086676,0.101635048
0.065945761,0.078683782,0.091849779,0.087749045,0.158653263,0.096131569,0.064885739,0.137725481,0.117236764,0.101138817
0.125992475,0.110050387,0.054964108,0.104773806,0.137895844,0.074982898,0.065906115,0.124542775,0.086335084,0.114556508
0.065113825,0.105675249,0.158607928,0.087857790,0.076539099,0.129427039,0.067474109,0.077760544,0.160996912,0.070547505
0.134299027,0.087774641,0.098412028,0.105319371,0.109515013,0.091817513,0.071833848,0.107086838,0.108156732,0.085784988
0.094889988,0.105542860,0.086098762,0.068050506,0.088700224,0.122526521,0.154112125,0.067291297,0.137967767,0.074819951
0.107739451,0.078284861,0.092746032,0.067575039,0.089234684,0.095335911,0.123944442,0.137272655,0.101521775,0.106345151
0.065865932,0.137516067,0.080653363,0.068673210,0.100870466,0.141475567,0.097191829,0.091473630,0.072207047,0.144072889
0.091608246,0.150808683,0.131120607,0.075258011,0.078262565,0.141044863,0.072447323,0.130757646,0.063335206,0.065356849
0.126102639,0.075354802,0.058914194,0.098102524,0.135763361,0.085312393,0.076551596,0.079515619,0.129042441,0.135340431
0.073013507,0.077759935,0.126130149,0.154981958,0.076952485,0.071516457,0.146263951,0.094288607,0.079513194,0.099579759
0.060324496,0.082673275,0.118433726,0.117493761,0.136165875,0.066102257,0.118022808,0.157005351,0.073495446,0.070283006
0.062041198,0.069794438,0.122662098,0.117766537,0.110811774,0.156080966,0.069036632,0.084548383,0.136057567,0.071200406
0.077842495,0.075101756,0.094991939,0.104677019,0.086998177,0.107066864,0.110343464,0.153391012,0.072170949,0.117416324
0.111777184,0.096861588,0.130545089,0.160902967,0.084905489,0.084512154,0.070586215,0.073637178,0.120572485,0.065699651
0.154607042,0.064918026,0.076931264,0.063788783,0.111274409,0.077595671,0.122853346,0.123972382,0.142549182,0.061509895
0.068995433,0.084757618,0.061965289,0.089579355,0.138871674,0.148386523,0.114812355,0.061981125,0.088689179,0.141961450
0.087018983,0.129097417,0.059751800,0.099823608,0.106185475,0.081386645,0.081096667,0.080849377,0.136446488,0.138343539
0.106217898,0.140593915,0.106878235,0.070387083,0.054600506,0.056943508,0.121765038,0.126932417,0.096117498,0.119563902
0.068696027,0.066796196,0.089394667,0.088797503,0.116877388,0.083373019,0.159511668,0.097761580,0.070936692,0.157855259
0.076495012,0.101786305,0.119817843,0.131368251,0.057886184,0.143063266,0.062433978,0.065666483,0.121943929,0.119538749
0.070567845,0.095035951,0.144542564,0.093294781,0.069608077,0.097849342,0.090937479,0.129641185,0.093444971,0.115077807
0.124015732,0.133185819,0.144893426,0.099929157,0.127021171,0.063538772,0.083092546,0.067919821,0.076935073,0.079468481
0.102516996,0.062036112,0.122677574,0.066797351,0.070899461,0.092425827,0.157248483,0.111379537,0.151567888,0.062450770
0.072921600,0.121718275,0.105842915,0.086403631,0.080284563,0.053026132,0.118547761,0.126889348,0.104806359,0.129559416
0.069749297,0.071455005,0.069516492,0.100613796,0.095637994,0.154098451,0.120093426,0.129953768,0.098151278,0.090730493
0.088857022,0.130894638,0.061330882,0.076635322,0.153568006,0.081383143,0.094927512,0.078498385,0.093143712,0.140761377
0.078887619,0.121801065,0.098081356,0.141830927,0.109406905,0.063879916,0.117969948,0.072912706,0.110722516,0.084507043
0.091093381,0.120539097,0.130620274,0.072885493,0.132795743,0.055525186,0.083056397,0.114514385,0.076115505,0.122854539
0.074654973,0.115796848,0.083365653,0.071515325,0.092085222,0.069382356,0.093240969,0.156678255,0.128436227,0.114844172
0.092879255,0.085288558,0.126341468,0.118004834,0.117525585,0.055622173,0.100713374,0.093150203,0.064797721,0.145676828
0.121199958,0.073526576,0.062024372,0.154206873,0.078057660,0.124121874,0.142364993,0.101608471,0.060019251,0.082869973
0.096839149,0.073667566,0.106512129,0.126007218,0.143722686,0.142577317,0.083914965,0.091733826,0.068619253,0.066405890
0.084359378,0.084355650,0.085564319,0.110739049,0.107321409,0.069887160,0.142677418,0.108617709,0.105958810,0.100519099
0.073149059,0.096704147,0.092160075,0.101604710,0.115525655,0.092326420,0.149584178,0.128372689,0.076386354,0.074186712
0.105811451,0.070818551,0.103236351,0.097255920,0.134027381,0.071933298,0.149820570,0.073302488,0.118705787,0.075088202
0.057626216,0.101413359,0.103151261,0.110663321,0.081134527,0.107364505,0.056415263,0.102156511,0.148226133,0.131848903
0.123325739,0.084432072,0.109488018,0.144357498,0.108666272,0.062075829,0.091853041,0.063455280,0.085848897,0.126497354
0.065256354,0.058605599,0.066755813,0.148553249,0.129151274,0.057771994,0.138309339,0.086888633,0.125489220,0.123218526
0.062735007,0.074614294,0.154835766,0.109995105,0.084535818,0.108547596,0.093109780,0.096756152,0.147685243,0.067185239
0.068410502,0.107541492,0.078411637,0.123570840,0.147115799,0.099563847,0.092134056,0.130487832,0.079842430,0.072921566
0.066798018,0.120875997,0.098554019,0.097722285,0.125877967,0.131434677,0.087891864,0.103180921,0.061471042,0.106193209
0.099452182,0.082517629,0.107018146,0.131897617,0.125327344,0.073278031,0.069113405,0.072368608,0.143482052,0.095544987
0.090683507,0.113849564,0.070593143,0.099455014,0.109173956,0.076965422,0.070198067,0.109537906,0.146554222,0.112989201
0.110361202,0.116676446,0.067760975,0.061515297,0.130699056,0.106295446,0.125632258,0.064696059,0.101382005,0.114981255
0.076861714,0.074394890,0.104530262,0.064912911,0.146964922,0.138640839,0.113241279,0.072208624,0.095379431,0.112865128
0.072609515,0.119950510,0.136033413,0.106470092,0.084248899,0.091753781,0.149843885,0.083827921,0.069362836,0.085899147
0.080488443,0.071978394,0.076081393,0.126396904,0.145259157,0.167190387,0.077135704,0.078370335,0.083528194,0.093571090
0.078373694,0.098931280,0.115595687,0.087665649,0.075962191,0.072173424,0.144941547,0.076820229,0.094305906,0.155230391
0.077492581,0.085525523,0.153636792,0.106864636,0.091280310,0.085551500,0.094025017,0.077315340,0.093030787,0.135277513
0.113761825,0.105593222,0.067214571,0.073899575,0.088253391,0.155679646,0.126376011,0.115780793,0.068496997,0.084943970
0.076134700,0.100478755,0.118504242,0.103004772,0.061944435,0.126977513,0.113223612,0.126556997,0.123154277,0.050020696
0.068059909,0.140432012,0.097442139,0.074974080,0.098673067,0.072759294,0.123320841,0.140800930,0.066148073,0.117389655
0.121562815,0.077329482,0.102671446,0.103378486,0.107456403,0.069556371,0.088326685,0.134668480,0.134688218,0.060361614
0.120045759,0.126363669,0.063784314,0.056628878,0.077555799,0.135425181,0.121656776,0.053947562,0.128529057,0.116063005
0.095540907,0.141961305,0.062872757,0.113165313,0.140146801,0.055877737,0.065247882,0.096513253,0.132902496,0.095771549
0.069353552,0.157904451,0.062569968,0.159967746,0.123107077,0.061977642,0.063733630,0.146731262,0.077941944,0.076712729
0.055301317,0.098583633,0.087403573,0.139579597,0.115458269,0.127230560,0.137537559,0.063603223,0.106565895,0.068736373
0.107033957,0.120703722,0.140415806,0.109183040,0.098721573,0.080377217,0.105638726,0.056984984,0.082645739,0.098295235
0.092465339,0.077466270,0.093183217,0.136722291,0.153145024,0.123844410,0.092390421,0.086964923,0.067575354,0.076242751
0.087092285,0.094291678,0.091851505,0.125879465,0.053482059,0.104309075,0.112484589,0.092807876,0.113492048,0.124309420
0.074322824,0.072689119,0.081127003,0.141254334,0.119451039,0.139351443,0.081753063,0.124080787,0.070638275,0.095332112
0.092276359,0.098523077,0.092556802,0.110780225,0.111111571,0.074028834,0.087298079,0.084634312,0.141054768,0.107735973
0.123275414,0.132523858,0.115446860,0.099260657,0.056298030,0.110176734,0.080943819,0.057602599,0.118057389,0.106414641
0.076297180,0.090820997,0.103518376,0.079590036,0.142882421,0.135135163,0.093770215,0.070945413,0.112744457,0.094295742
0.139104142,0.125888896,0.135105013,0.074099423,0.132025951,0.080591728,0.056878251,0.088763211,0.058126735,0.109416649
0.082161916,0.119422319,0.150388456,0.116931557,0.120007184,0.116596008,0.088536509,0.088765404,0.057869421,0.059321226
0.104725287,0.076569509,0.078672604,0.138576661,0.106158314,0.070005704,0.121471452,0.072676999,0.126955876,0.104187594
0.068644331,0.160369175,0.081383819,0.078985913,0.108251391,0.087728054,0.085815962,0.072108582,0.164732302,0.091980471
0.120730405,0.083083413,0.068252551,0.101489389,0.069756966,0.098991165,0.153665859,0.156413463,0.082523213,0.065093578
0.099127801,0.104764995,0.085106074,0.142171806,0.079740871,0.081815420,0.085338282,0.083241212,0.074575823,0.164117717
0.060034735,0.129998027,0.104627814,0.062702048,0.109429279,0.077871465,0.122748997,0.147619165,0.082257818,0.102710652
0.122257167,0.131145709,0.085128437,0.083631030,0.080541747,0.065314610,0.136158056,0.126075067,0.111943846,0.057804331
0.122538710,0.084119435,0.122760152,0.099994971,0.072602033,0.094512541,0.108300241,0.109006781,0.067917687,0.118247449
0.134112713,0.120949602,0.090264500,0.131269590,0.138370824,0.067714161,0.056254218,0.071439778,0.132441674,0.057182940
0.102107159,0.085082030,0.059639201,0.138268533,0.136137358,0.095914269,0.145068732,0.071888784,0.066729255,0.099164679
0.067996815,0.069140129,0.111918161,0.083030795,0.102443050,0.117981037,0.085064523,0.124463150,0.108514115,0.129448226
0.062135202,0.133551843,0.127864819,0.071444722,0.056918986,0.140499310,0.093975965,0.122712281,0.117112796,0.073784076
0.088849806,0.105203978,0.074846690,0.104479676,0.110797180,0.107184028,0.071849917,0.112950701,0.119035417,0.104802608
0.069744458,0.140846808,0.075625901,0.131014184,0.112680630,0.128188493,0.061187704,0.067364273,0.123114560,0.090232989
0.086457846,0.092371668,0.151329818,0.071032589,0.084851044,0.096126189,0.077656866,0.080720462,0.132470508,0.126983010
0.155935259,0.066387476,0.144442817,0.143501034,0.084789693,0.061717498,0.099489070,0.070143167,0.097094384,0.076499603
0.080845767,0.103115824,0.137289693,0.090058739,0.082063038,0.119670937,0.101941507,0.074905200,0.097223179,0.112886115
0.131941245,0.073993395,0.076493695,0.093258742,0.093634527,0.083534947,0.160809543,0.101556417,0.084022481,0.100755010
0.140939056,0.075827136,0.061489760,0.118211514,0.117339485,0.157174712,0.062572428,0.123503927,0.079624849,0.063317132
0.114422008,0.143796319,0.106716776,0.110450136,0.085394228,0.087314230,0.096689044,0.072795791,0.100350545,0.082070923
0.081578228,0.121592057,0.095583515,0.062238986,0.108320736,0.079936900,0.138638383,0.113383358,0.109688697,0.089039140
0.149377116,0.133054997,0.074402644,0.062328098,0.085285245,0.154796645,0.088612434,0.112746015,0.059869694,0.079527110
0.137110550,0.056986447,0.125073368,0.085237027,0.054134784,0.132380369,0.080211001,0.104339260,0.084494547,0.140032646
0.080574854,0.079943238,0.077850138,0.109579073,0.138019909,0.131225299,0.103284200,0.120400305,0.053444472,0.105678510
0.117849743,0.061719052,0.079608459,0.107028034,0.096024754,0.091806231,0.072949317,0.143315389,0.138344810,0.091354211
0.075993288,0.116551482,0.079843160,0.075493315,0.096597360,0.115293002,0.090295442,0.087383404,0.148718623,0.113830924
0.183404707,0.085560954,0.111433513,0.070796778,0.102507120,0.070481633,0.072280377,0.074136239,0.116261035,0.113137643
0.073261434,0.110443992,0.134974901,0.057092163,0.147036622,0.112007978,0.057626344,0.085273619,0.093478013,0.128804935
0.164333657,0.143278741,0.128694848,0.068066947,0.092595323,0.083769602,0.065084501,0.104627397,0.079075497,0.070473487
0.117173063,0.098775497,0.072806000,0.073856275,0.110128078,0.102684837,0.106543942,0.081717441,0.161076660,0.075238206
0.117289807,0.130498233,0.064806848,0.081313503,0.124322438,0.060947776,0.102282638,0.061548338,0.128649157,0.128341262
0.109767302,0.060095164,0.129074993,0.106575515,0.125733237,0.092204620,0.126487400,0.055433519,0.121588267,0.073039982
0.071671055,0.077707158,0.130751923,0.163541832,0.069494635,0.126610223,0.094072426,0.093105873,0.083275061,0.089769813
0.092030952,0.129712038,0.075180436,0.081442009,0.094439680,0.102620105,0.105440760,0.066612024,0.132923117,0.119598879
0.072665077,0.095414269,0.111637176,0.072269213,0.084106825,0.117228569,0.107516863,0.078045273,0.113592465,0.147524269
0.107039359,0.072092074,0.070676626,0.144855848,0.128291130,0.056879726,0.122106999,0.127603442,0.086652523,0.083802274
0.066344663,0.127855905,0.067102319,0.149658975,0.128536134,0.088094843,0.103779613,0.063627454,0.122494066,0.082506027
0.110771724,0.108425748,0.055255719,0.132442996,0.071466878,0.141674802,0.058697748,0.103458646,0.129250578,0.088555162
0.068655524,0.126100910,0.088172448,0.127664085,0.074032461,0.072688521,0.100364435,0.119859547,0.080692713,0.141769355
0.094098236,0.051524062,0.058099053,0.137011241,0.101836140,0.085847503,0.136041149,0.123797555,0.132273125,0.079471936
0.114897824,0.090591408,0.078017362,0.064091705,0.118141893,0.059101818,0.127191380,0.077702324,0.122442733,0.147821553
0.132699338,0.108140415,0.125498119,0.075489061,0.094570735,0.077413057,0.131071909,0.090409939,0.072170049,0.092537379
0.104804247,0.140867727,0.062632913,0.101652614,0.129174006,0.079290503,0.087275292,0.124936013,0.101117678,0.068249007
0.106673971,0.123511462,0.136042318,0.070154279,0.095003805,0.093130730,0.067425778,0.077944888,0.106802048,0.123310720
0.074375169,0.120246752,0.096668505,0.108843742,0.075440162,0.128142447,0.132032231,0.058836037,0.139617299,0.065797656
0.079757061,0.109154363,0.087980880,0.085187881,0.086987095,0.068975152,0.090734631,0.114682621,0.122031924,0.154508390
0.137766029,0.120996782,0.109904251,0.114474571,0.087430902,0.116035102,0.109385521,0.062171571,0.074976572,0.066858700
0.085645338,0.081641211,0.055846184,0.143237520,0.057914202,0.129441095,0.132961499,0.092962520,0.077602214,0.142748216
0.067156047,0.077847745,0.107527282,0.070302788,0.161630302,0.150315189,0.072489347,0.084667234,0.079474396,0.128589671
0.118692675,0.083235084,0.103418699,0.133770945,0.125333810,0.052427586,0.127005341,0.103969582,0.065210010,0.086936267
0.115675375,0.117161811,0.062706221,0.074518910,0.069306594,0.148948679,0.142095325,0.083368814,0.101604782,0.084613490
0.065657883,0.162705703,0.140664393,0.065081894,0.084401066,0.083983598,0.111546931,0.123266536,0.091440023,0.071251973
0.127527861,0.076043491,0.105282997,0.076352781,0.137261748,0.083515069,0.091598322,0.161328489,0.067490352,0.073598889
0.105587154,0.082167186,0.061770352,0.070865314,0.151443004,0.101507311,0.151803911,0.089576341,0.093346924,0.091932504
0.110837915,0.093888439,0.143070240,0.106361617,0.095350649,0.090966762,0.080702015,0.095219930,0.084053571,0.099548862
0.109025822,0.108907954,0.119746696,0.128673437,0.080550945,0.111630280,0.078647307,0.101774425,0.054413299,0.106629835
0.107919739,0.068840311,0.117051943,0.135829151,0.117235983,0.073821030,0.096200328,0.098074232,0.077459392,0.107567891
0.109268703,0.136220977,0.092055425,0.075043600,0.141210642,0.065694747,0.061940012,0.096714489,0.131207861,0.090643543
0.073917318,0.101660319,0.084883361,0.066827998,0.151356416,0.065674442,0.082138798,0.162984530,0.119344828,0.091211989
0.127578522,0.103084421,0.136789105,0.137566848,0.052931853,0.093433408,0.098626693,0.117381058,0.064415436,0.068192658
0.104975398,0.094533052,0.092344597,0.096536407,0.136604044,0.144884324,0.097786320,0.087701685,0.064170399,0.080463773
0.135917855,0.086697504,0.072655186,0.109533485,0.094335329,0.086785804,0.100545583,0.071404873,0.134172205,0.107952176
0.082304487,0.074278466,0.102802668,0.085675490,0.108317137,0.127263616,0.075555799,0.123314848,0.139698864,0.080788624
0.125949431,0.087236372,0.090039976,0.110808794,0.103803534,0.086500867,0.094584010,0.108574133,0.121918852,0.070584031
0.082760710,0.157961850,0.091487020,0.150049939,0.065753062,0.072509968,0.104153169,0.092893676,0.093842645,0.088587961
0.142044661,0.081151472,0.081929862,0.126908117,0.094668511,0.057038035,0.113845121,0.103392029,0.086920758,0.112101434
0.089713697,0.074076330,0.139568010,0.080149353,0.135517574,0.108311712,0.072918240,0.079188605,0.127809567,0.092746912
0.145205382,0.135790935,0.124544686,0.070417821,0.065280275,0.057088074,0.095424137,0.093428533,0.136680643,0.076139515
0.064412342,0.066827728,0.067763682,0.138807870,0.058553719,0.104511444,0.139248190,0.113675305,0.144553836,0.101645883
0.091583975,0.061169102,0.089662113,0.133758593,0.105667936,0.130850538,0.130869034,0.096274742,0.103083446,0.057080521
0.095704610,0.121180520,0.118068119,0.070461786,0.059563884,0.137027414,0.095230203,0.113713106,0.124358137,0.064692221
0.072940068,0.089014191,0.087890145,0.128564098,0.077477746,0.125295691,0.140464754,0.078151782,0.114844162,0.085357362
0.070208553,0.114968087,0.114473028,0.067432106,0.112944680,0.072560243,0.139484250,0.061348023,0.097150792,0.149430239
0.074133113,0.152421267,0.113242675,0.120626807,0.144251776,0.078252959,0.083732854,0.061612352,0.094085139,0.077641058
0.067052271,0.063428877,0.156769430,0.102145819,0.150756733,0.133865700,0.058668080,0.097254189,0.079702007,0.090356895
0.068939725,0.100091240,0.123184607,0.071586532,0.070287446,0.106007953,0.109409649,0.092659945,0.138919422,0.118913482
0.061762732,0.129439037,0.116655699,0.085184203,0.109216432,0.084653906,0.140461938,0.060621570,0.133362648,0.078641835
0.063896595,0.119052432,0.073246750,0.097431021,0.073189857,0.095386071,0.157492036,0.119301529,0.092405823,0.108597885
0.079721045,0.138482891,0.133963562,0.068344488,0.098822320,0.091875217,0.072798406,0.083797776,0.161426504,0.070767792
0.133793759,0.116897001,0.068328419,0.071415511,0.101586993,0.068668037,0.149164180,0.060705293,0.101963265,0.127477543
0.135073242,0.068589979,0.073529085,0.064945870,0.089596003,0.135736203,0.094053899,0.141480213,0.100464471,0.096531034
0.082031740,0.084316543,0.129867791,0.160338579,0.095883300,0.076465786,0.089189711,0.077707400,0.070168857,0.134030293
0.133619941,0.111110618,0.079391769,0.097477214,0.052976515,0.070937890,0.125916448,0.110854477,0.105663438,0.112051690
0.101524962,0.117391116,0.156801705,0.095759208,0.083750004,0.062714180,0.113638656,0.064931289,0.098328455,0.105160426
0.135508620,0.122468704,0.131893738,0.083678524,0.108766012,0.079803904,0.083772239,0.084390589,0.097463207,0.072254463
0.062439031,0.129342885,0.096836293,0.116820362,0.125550305,0.068090224,0.087751801,0.096216063,0.077672280,0.139280757
0.142521529,0.096166947,0.075398866,0.073862499,0.090120257,0.125163289,0.148206690,0.086158170,0.075916034,0.086485720
0.130329386,0.110390350,0.095435162,0.059339793,0.134124484,0.117417327,0.060660147,0.068501603,0.083115084,0.140686663
0.104000037,0.082038941,0.098925864,0.065170239,0.095425107,0.099217186,0.079529478,0.070726449,0.158714070,0.146252628
0.071091540,0.079296198,0.063158602,0.136477039,0.142094091,0.062225663,0.132474348,0.064505681,0.098621616,0.150055220
0.094283602,0.141900741,0.064663395,0.107151071,0.095016988,0.099093931,0.134998581,0.090357946,0.091604998,0.080928746
0.063521898,0.096356631,0.068679611,0.109171216,0.085828940,0.158793551,0.126078333,0.088304483,0.104445349,0.098819988
0.071511410,0.115767946,0.075511371,0.133898635,0.112329394,0.103730767,0.079781714,0.103007683,0.068948565,0.135512516
0.063811483,0.085258261,0.136656875,0.124657964,0.081885716,0.087394485,0.062860348,0.104522165,0.126829410,0.126123293
0.136880728,0.118981800,0.065480437,0.079089493,0.138056110,0.106839440,0.062021733,0.116913062,0.079742518,0.095994677
0.105024444,0.099113151,0.055303607,0.119524422,0.089471267,0.061225307,0.111294961,0.125156648,0.129848065,0.104038128
0.125147727,0.065676589,0.059815029,0.125943078,0.113785969,0.076725191,0.122508624,0.115986510,0.107656917,0.086754366
0.075796976,0.093974033,0.133175895,0.069816328,0.072670652,0.129058443,0.077038063,0.109532583,0.117094584,0.121842444
0.097418182,0.091301413,0.072558599,0.132418728,0.091427953,0.098466109,0.133862422,0.084457964,0.104788558,0.093300072
0.083696416,0.131858916,0.121948825,0.133457149,0.090612470,0.059965970,0.078879105,0.100300899,0.137350750,0.061929502
0.081747788,0.078690194,0.098874599,0.142464354,0.065815768,0.132339094,0.114442597,0.066578896,0.116518389,0.102528321
0.066611535,0.122189105,0.091765758,0.088926070,0.104103013,0.147275280,0.129576936,0.084468184,0.067319383,0.097764737
0.106595913,0.126214088,0.151238235,0.082480916,0.081643560,0.099011329,0.092976386,0.066001563,0.093810379,0.100027630
0.066465559,0.125596363,0.127460192,0.110034564,0.114005140,0.125670258,0.086481669,0.066183250,0.071839410,0.106263595
0.088258427,0.086100411,0.117982548,0.081598587,0.100647872,0.104057388,0.081599209,0.132437559,0.096184508,0.111133491
0.096887744,0.136407928,0.080344715,0.131817416,0.066502370,0.077984713,0.083863700,0.097065447,0.151026139,0.078099827
0.121088711,0.094468832,0.071951799,0.104430121,0.080065754,0.098378425,0.113077375,0.070697261,0.157239204,0.088602519
0.113509076,0.104662532,0.089636095,0.079353783,0.137049816,0.069268379,0.105534253,0.138434248,0.079168500,0.083383317
0.129022628,0.085087177,0.086115934,0.153446080,0.090385236,0.066877901,0.070063382,0.063382053,0.089781306,0.165838305
0.080607462,0.072788760,0.105644715,0.059967654,0.134877455,0.125423279,0.130380005,0.135076847,0.066213400,0.089020423
0.124537359,0.076786855,0.098820235,0.071207756,0.094965805,0.075607646,0.091874112,0.123725384,0.108930621,0.133544227
0.065984429,0.101442566,0.061843078,0.115938628,0.086862534,0.080482532,0.139555453,0.141680990,0.084991485,0.121218306
0.067662803,0.088073744,0.141171109,0.092544309,0.147061922,0.134978557,0.076931505,0.077082605,0.065326190,0.109167256
0.109868439,0.061901212,0.077449938,0.146548157,0.133108624,0.085361343,0.090318239,0.150642341,0.066158457,0.078643250
0.159283292,0.071101226,0.073303844,0.140581201,0.096524795,0.112557889,0.085020061,0.070483423,0.086853670,0.104290600
0.070918142,0.106800495,0.141279500,0.108535335,0.085547481,0.061735272,0.112940886,0.087466327,0.075638217,0.149138345
0.164954182,0.112517196,0.062988618,0.083637166,0.077851053,0.064421661,0.137901759,0.065927248,0.068248302,0.161552816
0.133017751,0.087409392,0.076499567,0.115531038,0.102171456,0.085676304,0.088978304,0.090541913,0.086514485,0.133659788
0.066023451,0.067089321,0.139395510,0.116607527,0.076067662,0.119405450,0.073005284,0.063269014,0.138532859,0.140603922
0.093981976,0.074782056,0.080024388,0.070091563,0.093565385,0.165340034,0.112782056,0.071167540,0.070384053,0.167880950
0.088903609,0.083499577,0.060017474,0.113065387,0.060702420,0.114687889,0.146966769,0.093593910,0.111796857,0.126766106
0.076167511,0.114417084,0.068915257,0.078249772,0.107512654,0.126322795,0.123123939,0.090433688,0.107132992,0.107724309
0.084513757,0.072252109,0.101670159,0.143913783,0.130188543,0.107403480,0.084940580,0.068115947,0.144918961,0.062082679
0.073946253,0.073982947,0.071925708,0.134595995,0.096935338,0.107745719,0.129900382,0.096287104,0.139893711,0.074786845
0.090751950,0.127323453,0.105041647,0.066511996,0.152330308,0.059275720,0.111063327,0.072750515,0.120136852,0.094814231
0.089261565,0.155442559,0.078113795,0.094880393,0.089720074,0.101444333,0.133557278,0.081387088,0.117578139,0.058614777
0.085893788,0.154654107,0.074651292,0.091195607,0.106112446,0.074626871,0.139652970,0.080919575,0.123094740,0.069198603
0.141257343,0.146326994,0.103378025,0.073575146,0.112690078,0.070609360,0.115583192,0.065738620,0.084393706,0.086447537
0.082745630,0.128287976,0.065256281,0.092530846,0.117395332,0.110772982,0.083792774,0.082823519,0.099873431,0.136521230
0.088413730,0.117156345,0.055059890,0.107002029,0.127796444,0.055017982,0.083411948,0.092788171,0.135700306,0.137653155
0.113325294,0.100073669,0.123964077,0.106557120,0.074587371,0.124591071,0.088075316,0.060288144,0.136880988,0.071656951
0.117747830,0.143343146,0.067477044,0.150728841,0.096666318,0.072332439,0.086462318,0.115258071,0.065791093,0.084192901
0.094238085,0.127951471,0.085924356,0.152407094,0.072390884,0.109324727,0.093236405,0.074241086,0.128896303,0.061389588
0.135938058,0.143501411,0.072319225,0.139271595,0.066821429,0.151733728,0.072792606,0.061655010,0.084475728,0.071491210
0.149562431,0.127998739,0.131365313,0.092027694,0.107006723,0.087992933,0.059760630,0.077852416,0.083111070,0.083322051
0.135350036,0.125883139,0.074553952,0.087641946,0.084601952,0.099231245,0.080123759,0.105297303,0.069274868,0.138041801
0.067964895,0.099778978,0.095110037,0.059183809,0.121013412,0.089052241,0.106556649,0.144711367,0.143304921,0.073323691
0.102525884,0.101632620,0.077002526,0.078014623,0.182305955,0.112356112,0.100078909,0.087825445,0.084502254,0.073755672
0.099423499,0.065388175,0.092302766,0.171616387,0.068552254,0.104035643,0.087038797,0.075595416,0.093570862,0.142476202
0.121661563,0.137784755,0.086688146,0.124950611,0.070308436,0.080863277,0.080904859,0.117420358,0.118642930,0.060775066
0.085348723,0.122152573,0.098967884,0.087217248,0.076632063,0.120620291,0.126793796,0.106250191,0.106296580,0.069720650
0.091820301,0.082278873,0.076415244,0.075721457,0.067864202,0.112498332,0.167118925,0.147151551,0.077598791,0.101532324
0.084476879,0.132718249,0.066276214,0.136594050,0.059143381,0.065892780,0.118870566,0.082447512,0.107265356,0.146315013
0.123464179,0.079472119,0.099087037,0.099617029,0.066282782,0.133866566,0.086758861,0.083125643,0.162785114,0.065540670
0.067093120,0.134426821,0.077346136,0.149072697,0.077894934,0.085294443,0.066791165,0.065181565,0.148473708,0.128425412
0.058303214,0.126329473,0.094274670,0.148898107,0.103636527,0.062074859,0.085873804,0.094624001,0.106043728,0.119941618
0.069128976,0.096334186,0.133597666,0.059777417,0.152080532,0.105582704,0.062564748,0.068265996,0.157361573,0.095306202
0.138791663,0.081481415,0.122941017,0.131463254,0.107234563,0.065917582,0.085928804,0.072402160,0.121183159,0.072656382
0.127449650,0.063606637,0.146168470,0.093719507,0.099041603,0.098568763,0.097140800,0.118958972,0.058340095,0.097005502
0.131306877,0.118689264,0.142674300,0.068922253,0.069078548,0.108884651,0.070941453,0.071896842,0.085606182,0.131999629
0.070866395,0.058506612,0.081692494,0.147078514,0.058537029,0.088369203,0.119258348,0.101494789,0.130416459,0.143780157
0.074253208,0.093746787,0.107092292,0.078300169,0.071425976,0.128879674,0.063507487,0.138907669,0.113096244,0.130790495
0.100611678,0.138490305,0.075243619,0.073110141,0.069465424,0.059916789,0.113087525,0.130161764,0.109173793,0.130738964
0.072688882,0.089963638,0.103368778,0.071175333,0.108048451,0.081566891,0.136875518,0.097897178,0.101481003,0.136934328
0.074344033,0.105705908,0.135061452,0.053829021,0.072627255,0.124411637,0.139179446,0.137102395,0.054769369,0.102969483
0.107140158,0.105934649,0.055302987,0.113517404,0.076208676,0.126606519,0.101230207,0.092205552,0.114633940,0.107219906
0.110572564,0.104098515,0.068641008,0.141676289,0.055520648,0.114224024,0.130358442,0.068948866,0.067784144,0.138175501
0.100055970,0.088276286,0.118651452,0.090860526,0.060987735,0.109485395,0.060931673,0.144058694,0.115701774,0.110990495
0.148078553,0.071211753,0.087624868,0.104560491,0.065278720,0.072217286,0.060165884,0.122996911,0.136083943,0.131781591
0.085849789,0.099889763,0.119060773,0.098902396,0.099678713,0.137937034,0.070199916,0.094595625,0.081119588,0.112766404
0.080789167,0.083218546,0.062791554,0.065504305,0.161082221,0.079881725,0.105972103,0.083708508,0.151017116,0.126034755
0.070288597,0.113768422,0.133261518,0.098350035,0.166890554,0.076205177,0.082269540,0.099375819,0.093369042,0.066221295
0.077082593,0.092884721,0.064778260,0.071598726,0.146656166,0.108944064,0.109947281,0.113854403,0.091596022,0.122657764
0.071475043,0.158968472,0.080023781,0.109642399,0.117667596,0.124024477,0.119787340,0.071689147,0.074918694,0.071803051
0.072842796,0.092606053,0.067251444,0.089321788,0.088303950,0.154783068,0.163543556,0.073324678,0.119120277,0.078902391
0.100514885,0.061363499,0.089637867,0.079060983,0.101665758,0.132446767,0.106448095,0.061647520,0.118228649,0.148985978
0.094972977,0.055194083,0.077724155,0.085022922,0.132990217,0.054794933,0.126726544,0.117924864,0.132176948,0.122472357
0.139170548,0.093984526,0.086634555,0.099512847,0.161688891,0.074657361,0.083571225,0.095180169,0.090350036,0.075249842
0.069752329,0.073220659,0.111604189,0.068583921,0.109950308,0.144856560,0.135775816,0.128219830,0.063758276,0.094278112
0.088137227,0.126486097,0.071944611,0.070207782,0.082773107,0.087937483,0.120388804,0.135091182,0.144810250,0.072223456
0.068725673,0.127236241,0.128635632,0.093132783,0.066104521,0.099814279,0.113343829,0.063407866,0.107319164,0.132280011
0.105027828,0.135773577,0.077473041,0.127217339,0.091779544,0.131781890,0.063121045,0.078622833,0.069743264,0.119459639
0.096230527,0.096179037,0.069020269,0.119702158,0.109910327,0.063542681,0.135792275,0.103662700,0.075780285,0.130179742
0.065049109,0.143738309,0.142129977,0.094002717,0.059268885,0.143754521,0.142205296,0.072250674,0.070367396,0.067233118
0.067616910,0.078445433,0.132228636,0.075684685,0.081114859,0.102581390,0.116593393,0.093254823,0.119919016,0.132560854
0.056017647,0.115016574,0.071070512,0.135206926,0.083945123,0.111711842,0.069358622,0.116293806,0.117518139,0.123860809
0.058666223,0.096894775,0.075606082,0.151409600,0.068287145,0.118613957,0.078740393,0.072472185,0.132131689,0.147177951
0.118245934,0.118459952,0.064843476,0.100775317,0.062789931,0.111270448,0.124538034,0.068677343,0.117680859,0.112718705
0.084274049,0.152930953,0.088863127,0.105855612,0.073650505,0.100188060,0.076154560,0.068374652,0.171653767,0.078054716
0.126709320,0.078196713,0.129901827,0.080949158,0.108282335,0.142760940,0.088609352,0.069073330,0.086140569,0.089376455
0.062060295,0.120339653,0.064435295,0.086685754,0.103551020,0.152768964,0.092908967,0.150890457,0.101048904,0.065310692
0.133694889,0.131825483,0.143855815,0.086933561,0.056524953,0.104960267,0.083855968,0.136655492,0.061943337,0.059750236
0.136321922,0.096417072,0.102039194,0.114821019,0.070317368,0.119018273,0.085411575,0.074661493,0.075067305,0.125924778
0.071440649,0.134549204,0.113150994,0.109913964,0.139719006,0.091735917,0.085480229,0.083490052,0.093833536,0.076686449
0.082550213,0.111158977,0.155698572,0.079802013,0.128334228,0.084970243,0.074971637,0.085455288,0.106091343,0.090967486
0.075737682,0.127774112,0.100099460,0.067640321,0.120789972,0.087520629,0.147204863,0.113346875,0.090026787,0.069859300
0.149236385,0.077767435,0.106259853,0.071569504,0.070548509,0.096191799,0.160821716,0.067185343,0.086432084,0.113987370
0.076899181,0.077307731,0.100120897,0.086656312,0.123430984,0.116426981,0.156231825,0.092516952,0.081605615,0.088803522
0.129813559,0.109552138,0.112280094,0.114206275,0.071809530,0.059156049,0.085603353,0.063720089,0.120301395,0.133557517
0.100841465,0.056717101,0.088517167,0.120349787,0.116985623,0.138729795,0.103673190,0.059972424,0.122852557,0.091360891
0.066844900,0.124891827,0.067739094,0.148437154,0.089715166,0.130033477,0.109755158,0.086141931,0.107915397,0.068525896
0.103662640,0.125956886,0.084935364,0.154899747,0.067942118,0.108107843,0.088996348,0.127403342,0.072826950,0.065268761
0.072101289,0.113499533,0.070741130,0.091441381,0.155796019,0.093610781,0.076885304,0.133044625,0.090706432,0.102173505
0.092337099,0.130403572,0.076639647,0.077499321,0.099313891,0.144530217,0.088128577,0.096897168,0.073707986,0.120542523
0.121742946,0.051846727,0.071797678,0.127829046,0.130202634,0.083275747,0.113516085,0.129415161,0.071274264,0.099099712
0.072495134,0.077900851,0.135465779,0.061332433,0.156195990,0.097979890,0.072114606,0.110161015,0.145931826,0.070422476
0.097694803,0.075826729,0.089020581,0.122039514,0.108585698,0.067704867,0.150081940,0.152291319,0.069775172,0.066979377
0.094409098,0.096776417,0.133608511,0.113835800,0.158260226,0.101298310,0.095684795,0.080553027,0.065037158,0.060536658
0.096785441,0.076674071,0.080951751,0.124029668,0.061734876,0.110090623,0.103198292,0.135344331,0.068320762,0.142870185
0.101973220,0.080320305,0.062501985,0.133743234,0.127267860,0.069056712,0.067849711,0.113904622,0.151036705,0.092345645
0.096280124,0.144125250,0.077686528,0.066359611,0.068579036,0.077328851,0.121631636,0.094420118,0.118239051,0.135349795
0.112410885,0.098520472,0.138054074,0.094080766,0.082600716,0.102764037,0.075220764,0.069651905,0.120852710,0.105843671
0.074384097,0.069615359,0.114671035,0.078814204,0.090772605,0.091223920,0.131724748,0.122475637,0.101823965,0.124494431
0.075328195,0.118495273,0.062296589,0.114092095,0.127611655,0.123713515,0.111105400,0.085975986,0.062554833,0.118826459
0.106422530,0.065246899,0.076381381,0.108201459,0.120806611,0.143106394,0.072190715,0.110256010,0.059848031,0.137539971
0.091006932,0.089155931,0.130917039,0.058569162,0.115032354,0.138354784,0.118868183,0.064819417,0.096099043,0.097177156
0.104807686,0.111936517,0.084631582,0.128240435,0.083709377,0.079108773,0.083032897,0.107214758,0.113381719,0.103936256
0.091382512,0.101235839,0.078368678,0.077243308,0.087315134,0.138891688,0.175423201,0.108479682,0.069468617,0.072191341
0.071812958,0.125995251,0.071809814,0.070871927,0.112102826,0.154431873,0.094674507,0.083989874,0.099020512,0.115290458
0.104792167,0.072025055,0.067691143,0.116873329,0.076308720,0.059268105,0.118072086,0.126100015,0.137207158,0.121662223
0.089259706,0.080763567,0.094391541,0.130615602,0.091083788,0.145365963,0.056344538,0.105012593,0.116416723,0.090745978
0.124420354,0.059575428,0.059453023,0.119330845,0.085907133,0.089463411,0.085742379,0.122594576,0.112339411,0.141173439
0.087450437,0.074913818,0.079993214,0.154440697,0.142743049,0.097003816,0.061517493,0.106862183,0.095794856,0.099280436
0.068191576,0.123784457,0.129520775,0.053270742,0.074686158,0.133754000,0.123100245,0.128561344,0.057785010,0.107345693
0.077330213,0.104375695,0.067066418,0.164526656,0.075298523,0.085773504,0.140212877,0.101058924,0.111491500,0.072865691
0.095336934,0.071486459,0.117237247,0.119416483,0.072734893,0.065168958,0.103054405,0.134447090,0.133006866,0.088110665
0.067777780,0.087324279,0.076998001,0.108516703,0.126111094,0.087250568,0.128934030,0.100331976,0.087465679,0.129289888
0.113198310,0.113154322,0.103582965,0.143816590,0.075919863,0.099371781,0.064877710,0.062793589,0.135304788,0.087980082
0.058648970,0.064422403,0.112936053,0.129455832,0.131543227,0.089723059,0.078912109,0.126996715,0.114023518,0.093338113
0.139164993,0.068171800,0.089792445,0.116279161,0.133860146,0.070508490,0.114642287,0.131007430,0.072008031,0.064565217
0.116366149,0.066575829,0.140996916,0.068813481,0.105402567,0.140218548,0.090638217,0.099771679,0.092072497,0.079144117
0.112378924,0.072452536,0.119332235,0.110953490,0.079070215,0.103865944,0.061238906,0.120907113,0.120711134,0.099089502
0.065408324,0.116833092,0.115501669,0.135815718,0.078180059,0.133521952,0.052713351,0.107315855,0.068754387,0.125955593
0.064992360,0.078678527,0.094918746,0.104110352,0.126588522,0.139676607,0.088920790,0.126117375,0.118072691,0.057924030
0.079523744,0.100436430,0.117645018,0.098387928,0.122001723,0.091113097,0.096507027,0.128175608,0.075770552,0.090438874
0.075953104,0.160237021,0.068089863,0.113002039,0.151644629,0.096849549,0.064976089,0.131209339,0.071078936,0.066959430
0.128032731,0.085071104,0.104093772,0.147715825,0.069566872,0.094759104,0.123485667,0.099347938,0.064703642,0.083223346
0.137108277,0.084845717,0.128969211,0.115936142,0.059335966,0.115903145,0.104776732,0.093238603,0.085843698,0.074042509
0.087725117,0.109797169,0.071061199,0.106534237,0.077132742,0.078466599,0.104527743,0.105180418,0.144780186,0.114794592
0.142244128,0.072448429,0.104261377,0.066231153,0.084492597,0.083082208,0.140342777,0.076504125,0.101886806,0.128506400
0.063464712,0.070331823,0.126744500,0.082820739,0.084412772,0.079289318,0.129529822,0.160264609,0.143389852,0.059751853
