7.55126e-07,4.24281e-14,4.64207e-11,0.999683,0.00027773,7.40381e-07,4.55892e-11,5.79974e-17,2.9044e-09,3.77512e-05
0.00026599,8.28279e-05,0.999651,2.91205e-18,1.87726e-15,3.64506e-17,2.5552e-13,4.29068e-11,4.04458e-12,4.82137e-16
1.53341e-08,2.7421e-13,7.93776e-14,3.50615e-10,4.54255e-06,5.03897e-11,0.999995,1.7709e-08,8.13043e-11,7.94508e-12
9.34954e-06,0.929249,1.08152e-05,0.00036522,2.89912e-07,0.000420504,0.0699437,8.08115e-07,1.73403e-09,5.11647e-13
0.611655,2.71014e-06,0.388336,1.29702e-07,8.90393e-08,4.66856e-06,7.96103e-07,8.74795e-12,4.66716e-07,6.09865e-11
7.53102e-10,0.991847,2.72967e-05,2.72573e-08,0.000460696,1.37211e-08,1.0166e-07,3.19019e-05,0.00763321,3.12106e-08
1.05883e-16,1.98829e-14,9.56871e-08,1.114e-14,4.07219e-12,2.35375e-07,1.00351e-14,0.996094,0.00390585,1.8432e-09
4.40582e-18,6.8472e-12,1.64178e-09,1.09831e-07,6.69852e-08,0.743843,1.02058e-11,0.188327,1.25883e-09,0.0678292
1.69195e-07,2.33298e-08,2.24493e-12,0.463636,0.0837306,5.84877e-08,4.00789e-05,0.37771,2.8605e-11,0.0748827
0.999993,9.48705e-14,1.0371e-15,8.06877e-14,1.74592e-14,6.87479e-06,9.454e-10,4.67702e-12,9.77036e-16,9.62615e-12
3.90967e-07,6.08136e-12,3.6083e-11,0.999999,2.20077e-11,4.71777e-09,5.6118e-13,6.83583e-15,5.45231e-07,1.37427e-16
0.0072986,4.20114e-13,1.03014e-10,0.000143588,1.44402e-13,9.12776e-09,9.56421e-10,1.40766e-09,7.20158e-11,0.992558
6.53468e-10,8.77757e-19,9.23396e-13,1.36475e-12,1.6574e-15,6.54567e-20,0.00146835,5.58791e-08,1.68153e-05,0.998515
3.15971e-11,2.16855e-11,4.6463e-07,1.08441e-14,5.59212e-08,0.000824274,1.24692e-10,9.76853e-16,0.999175,6.15404e-14
1.31587e-11,0.833399,2.04806e-08,4.99925e-13,4.73471e-09,0.113076,0.000109656,0.000283688,1.01043e-10,0.0531313
3.849e-09,0.00133721,0.918229,2.37066e-15,2.78977e-07,3.19005e-05,5.53663e-16,1.89558e-06,0.0803383,6.16159e-05
6.29472e-08,0.000281513,0.249763,4.27428e-09,0.747426,0.000326184,4.75311e-08,2.35259e-08,0.00220307,1.13652e-11
0.90926,2.23143e-06,5.84643e-09,0.090726,2.61362e-12,5.69978e-17,4.75043e-09,1.14656e-05,3.4152e-12,1.06777e-11
0.0850958,4.13783e-06,2.28278e-09,0.749069,7.51583e-12,0.165612,5.85432e-06,1.21151e-10,6.09364e-05,0.000152061
1.35157e-13,1.00755e-08,7.09097e-17,4.65147e-10,0.999992,1.91954e-11,7.61201e-06,3.40652e-10,1.94757e-07,1.32239e-11
1.07268e-06,0.970308,7.45453e-06,0.0276208,0.000235085,1.66329e-05,1.8278e-07,7.13721e-08,0.00181067,1.80061e-09
8.04162e-12,3.82697e-08,0.9998,0.000185734,2.19882e-15,1.32237e-12,9.20194e-13,9.8642e-06,4.36451e-06,1.51096e-08
3.97152e-08,1,6.03453e-18,5.49172e-08,1.76279e-10,1.14496e-09,6.4068e-12,2.08488e-15,2.19327e-11,3.25569e-17
0.999881,4.31484e-08,7.1408e-11,1.45932e-07,1.8349e-14,0.000118999,6.26634e-11,8.51553e-13,6.20635e-16,2.29964e-11
0.948738,2.39332e-05,3.76088e-07,0.00954271,0.00348622,4.41605e-12,0.0368976,1.63567e-05,0.000378594,0.000915822
5.90458e-09,4.62194e-06,0.569992,1.76414e-13,5.00213e-08,1.0329e-10,5.17494e-09,1.08836e-07,8.7626e-07,0.430003
3.06217e-07,0.00981939,1.04741e-18,0.989942,0.000238404,3.35605e-17,8.46836e-15,9.19855e-08,2.19725e-07,2.45999e-12
1.03263e-05,5.91628e-08,3.33212e-11,7.50594e-15,0.998825,2.9987e-11,0.000862783,3.56567e-10,2.32993e-05,0.000278083
0.00160547,0.238965,0.00114471,1.11624e-12,0.524621,6.11934e-07,1.39352e-07,0.229177,0.000118456,0.00436841
1.93542e-12,8.16916e-13,2.39119e-11,5.52429e-06,4.98025e-12,0.995466,1.97211e-12,0.00147473,0.00305304,2.5343e-07
0.0202978,0.0100125,2.10562e-08,0.00484713,0.954339,2.88325e-13,0.0100032,6.67087e-06,0.000493178,1.75437e-09
0.914445,0.0664832,0.00282092,4.69784e-07,8.15725e-05,0.00632233,3.15321e-06,6.38187e-09,0.00934953,0.000493907
0.978701,8.95783e-13,4.26345e-08,7.24526e-06,0.0212296,2.98144e-13,6.19865e-05,1.59152e-13,1.5783e-08,8.3142e-17
1.45722e-10,0.849102,1.47493e-05,2.11674e-06,3.06057e-09,3.94983e-11,1.49405e-14,4.46445e-05,0.00898516,0.141852
2.44125e-08,0.09714,0.013406,7.60253e-13,1.17635e-07,5.71846e-13,9.92983e-10,0.889454,7.37899e-09,3.69287e-08
2.13041e-14,6.70656e-09,1.64091e-07,0.031673,0.000137377,4.76871e-10,6.0977e-10,0.968189,5.77346e-09,2.01822e-12
4.30215e-12,0.000906399,3.3375e-11,8.75086e-12,3.48146e-16,0.999094,1.66107e-13,5.85142e-10,2.6163e-10,1.15135e-15
0.00508851,0.966834,0.000118733,4.50188e-10,0.00506384,6.76055e-10,2.24179e-06,0.0188386,0.00403418,2.00723e-05
0.00109289,5.13053e-12,0.890351,0.0375256,0.00199133,4.42662e-12,0.000576084,0.0666039,0.00173962,0.000119636
0.0336226,3.28858e-13,3.51105e-13,5.39283e-08,0.628729,0.000946574,4.35107e-22,0.336702,1.73288e-09,4.17559e-14
7.32772e-08,5.3455e-07,3.07544e-12,3.43972e-05,5.9692e-11,4.09532e-13,4.53374e-17,0.999965,2.86546e-14,6.48728e-09
1.08936e-08,0.999994,5.96132e-09,3.1565e-08,1.39934e-11,1.39455e-11,1.90684e-07,4.38618e-10,2.18287e-11,6.16101e-06
3.08608e-10,9.8715e-11,1,1.64828e-08,1.04592e-08,6.03713e-09,1.49636e-08,1.45554e-10,6.83692e-12,5.2994e-11
1.97885e-08,4.58618e-08,2.32457e-07,0.000291585,7.3954e-10,0.00151158,2.48756e-06,0.0415272,0.480273,0.476394
5.34561e-09,2.75181e-11,0.0175355,1.85894e-10,1.04624e-08,3.05926e-12,5.46431e-08,0.982464,5.02514e-09,1.06742e-11
1.96062e-13,5.3453e-16,2.06838e-07,3.2512e-11,1,2.4789e-11,1.4994e-09,1.6046e-11,3.89301e-19,2.95453e-16
1.02204e-06,0.0195999,7.76768e-11,1.47658e-06,1.93161e-07,0.00115688,5.12467e-09,4.27081e-12,0.979241,1.87783e-15
2.31522e-05,4.28476e-07,3.48966e-09,1.32077e-14,2.49653e-11,2.04418e-08,3.16964e-12,4.39824e-07,0.999976,4.23239e-14
4.24591e-14,6.24194e-13,9.51122e-23,6.25888e-10,9.7267e-09,1,1.02026e-15,3.80623e-10,9.62152e-11,2.35127e-15
3.63369e-13,7.73043e-10,0.00452705,1.29585e-10,0.0164682,0.978939,2.43714e-08,6.54523e-05,9.13922e-14,2.69552e-13
2.45663e-09,7.97508e-13,1.64654e-10,0.999999,2.72817e-13,2.41314e-09,8.9383e-18,1.46474e-06,6.49302e-14,9.17312e-19
0.000107471,1.90153e-08,0.000800202,6.69414e-08,0.000431592,0.859193,0.000289367,5.9248e-08,0.139178,6.32429e-08
4.74998e-07,0.997747,0.00225092,4.95553e-12,2.47109e-12,1.84795e-06,2.00143e-11,3.76209e-10,6.73669e-17,4.15436e-15
0.0160351,2.46373e-16,5.81632e-10,2.16988e-10,0.850848,8.40787e-12,5.78492e-07,2.48909e-11,4.76597e-05,0.133069
1.16273e-14,0.942648,1.42257e-07,1.37798e-13,1.17418e-14,4.8949e-10,8.71589e-12,0.0573521,1.32311e-11,1.98637e-13
0.0004523,4.46331e-08,9.9713e-07,4.65829e-07,9.36813e-16,8.71979e-12,0.00447103,4.19179e-19,0.995075,1.11973e-09
1.46657e-15,4.53547e-06,2.51365e-13,0.999995,1.15301e-11,3.81384e-11,8.91768e-07,9.6621e-12,2.87058e-08,3.81749e-16
1.22923e-11,1.24237e-08,0.0642336,3.25674e-08,5.21157e-14,4.60383e-18,3.04303e-06,1.51181e-07,0.935763,7.48998e-11
1.1032e-09,1.21467e-05,0.893057,2.9865e-13,3.75676e-09,0.0990347,6.07171e-11,0.00777508,0.000120676,2.91008e-08
8.67143e-08,9.64779e-11,3.92986e-07,1,4.55345e-16,1.60984e-15,2.28214e-10,3.11259e-09,6.64237e-09,3.65044e-16
5.40979e-12,2.43717e-07,3.60528e-16,7.08832e-13,0.000833339,1.47218e-06,0.999164,3.10647e-09,1.38033e-15,5.30126e-07
2.36641e-10,4.63055e-11,4.15385e-17,0.00123339,0.00244203,1.86285e-07,0.996324,4.09101e-10,3.3429e-12,2.08341e-08
1.41294e-19,4.07654e-19,1.25724e-12,5.8103e-13,4.00901e-12,3.00194e-11,3.75355e-16,0.00176769,1.46228e-15,0.998232
2.89567e-08,5.75972e-10,1.9878e-10,4.10784e-15,6.6253e-10,9.8851e-13,7.93951e-05,2.75992e-11,0.999921,7.90633e-14
1.32236e-12,5.09862e-05,9.10542e-21,2.52041e-22,1.08283e-12,2.57319e-13,4.41134e-18,0.995653,0.00429628,9.33029e-13
5.11285e-05,1.52075e-11,5.1029e-12,0.0848833,3.12952e-07,2.04288e-06,6.39234e-06,6.62134e-08,4.34575e-08,0.915057
1.23871e-07,0.0755376,2.96954e-11,2.59755e-07,1.16939e-05,0.000117429,0.498195,0.177969,3.74452e-12,0.248169
4.13603e-14,1.35235e-13,3.41609e-16,5.2038e-07,6.10883e-21,7.27431e-19,0.000722707,0.999277,3.00293e-09,3.65383e-08
6.03512e-05,1.4465e-05,6.40951e-07,2.8032e-06,0.00345537,8.76686e-09,0.0008369,0.972576,0.0230054,4.78562e-05
1.36014e-06,0.0176092,1.78813e-05,0.000591582,2.49821e-07,0.980123,1.95988e-13,2.22703e-11,0.00165697,4.35446e-10
1.27755e-11,7.75674e-06,1.90507e-07,5.8113e-05,0.999858,7.28434e-06,4.89857e-06,6.41564e-05,1.07741e-11,3.30419e-11
2.04109e-05,6.27749e-14,4.2896e-07,0.871902,1.17129e-13,0.111925,9.67067e-07,1.75848e-15,0.0161515,1.10687e-10
7.95747e-15,3.79989e-12,9.31772e-11,4.52995e-09,4.11766e-11,0.999999,3.14008e-07,3.65152e-13,1.01552e-10,7.80527e-07
0.000739409,5.19451e-08,0.481388,0.000264617,8.28518e-08,2.23482e-07,1.65865e-11,5.24709e-10,4.89671e-09,0.517607
1.96862e-12,5.86038e-23,2.45673e-08,6.12974e-14,1,5.96104e-18,9.46913e-18,1.58534e-10,1.70129e-13,3.65113e-20
5.7394e-08,1.82213e-17,6.14954e-08,1.60162e-13,1,5.12555e-10,1.90667e-14,2.08229e-09,7.26124e-11,5.66654e-08
1.35942e-13,0.995811,6.91837e-09,9.1743e-11,1.39172e-18,4.68707e-06,2.23949e-11,2.60051e-15,0.00315699,0.00102713
2.0825e-06,9.32248e-09,1.04325e-09,4.11044e-11,0.000213137,0.859433,0.13233,0.0080212,3.56485e-13,2.40509e-08
9.04385e-15,0.000791822,0.838099,5.11309e-08,0.000270098,0.154202,0.000305414,7.84811e-08,0.00633003,9.29416e-07
3.87265e-12,9.3867e-11,4.28566e-08,0.544332,2.22132e-15,8.74407e-14,0.455658,9.47194e-06,2.46602e-14,2.73899e-14
2.69731e-05,4.40515e-12,6.12654e-15,2.40571e-09,1.15335e-06,2.30602e-09,4.76631e-12,4.16221e-05,0.167842,0.832088
4.3032e-15,1.788e-15,1.74079e-06,0.000978016,1.36262e-16,0.998872,0.000109454,3.8589e-05,2.05414e-07,4.2031e-10
9.67925e-15,0.0345036,0.947951,1.42215e-07,0.00558768,2.37899e-05,0.00608094,0.00585183,7.37844e-07,1.43276e-11
8.49793e-10,1.86952e-08,8.10092e-08,0.105412,1.49288e-08,0.894512,8.30197e-09,2.2646e-13,6.38846e-05,1.19041e-05
0.0041268,1.38024e-14,3.80365e-07,0.000252012,1.01964e-07,0.993317,1.01625e-12,0.000807569,5.37039e-07,0.00149551
1.80279e-12,1.32856e-08,1.84948e-15,2.231e-11,1,1.64992e-11,4.19186e-07,9.08045e-14,8.13095e-15,9.82526e-12
4.0775e-12,5.8525e-16,1.44239e-20,9.22913e-18,4.82912e-16,2.17063e-12,2.13075e-13,1.06365e-16,4.0982e-13,1
3.34766e-07,9.82646e-14,1.76942e-19,8.12292e-08,0.999981,1.49113e-07,1.23287e-17,1.86508e-05,3.56201e-18,2.73918e-16
3.62353e-13,2.31454e-12,0.0199462,1.82912e-08,0.000434982,0.979605,7.24435e-10,2.91975e-08,1.33354e-05,5.44038e-12
2.82244e-13,2.70417e-11,1.06969e-08,3.54219e-11,7.40616e-12,1.3489e-13,1.86222e-05,3.95523e-08,0.000204195,0.999777
5.58254e-16,1,3.31538e-11,3.786e-19,4.60299e-14,1.09477e-12,8.29589e-18,5.25807e-17,1.66017e-16,6.37688e-14
0.00266173,4.65716e-09,2.94239e-14,7.74857e-15,6.3345e-15,0.997338,3.23048e-13,7.03208e-09,1.31008e-13,6.47606e-08
3.60356e-08,0.052657,2.39927e-10,0.947029,0.000156578,3.58303e-08,0.000154565,2.8202e-07,2.662e-06,5.17154e-08
2.14115e-07,8.75677e-05,4.50341e-10,0.00290168,1.3406e-13,6.06312e-07,7.27586e-06,7.26882e-08,0.0393486,0.957654
0.987211,1.56618e-08,0.0115373,1.18398e-10,6.62179e-08,1.00357e-05,0.000582396,8.06115e-09,9.58436e-06,0.000649723
0.481152,0.00011938,1.08398e-08,2.87226e-12,1.78607e-07,8.48395e-06,0.465765,2.89745e-12,1.48506e-05,0.05294
0.924045,1.32041e-10,1.34517e-09,0.0673878,8.82682e-10,1.22976e-09,1.56074e-09,2.3081e-11,1.43473e-05,0.0085527
1.78042e-17,1.37065e-08,0.999994,1.75375e-07,3.0098e-06,5.49967e-18,2.04466e-11,2.53558e-06,2.04846e-13,5.15113e-12
1.81919e-14,1.01392e-11,4.58803e-13,1.56967e-18,9.16657e-21,1,4.82006e-17,2.09185e-18,7.86904e-14,8.63639e-16
0.984583,2.86942e-07,2.61102e-06,0.000190007,1.69259e-16,6.42806e-08,9.97148e-14,1.97639e-12,0.0152029,2.09054e-05
2.75585e-08,4.72358e-08,6.5316e-08,4.53831e-05,6.10052e-08,0.999802,2.90611e-07,6.92944e-13,0.000151881,1.43259e-12
1.80918e-10,1.54952e-12,5.12114e-13,0.998345,4.55815e-13,0.00165522,1.82448e-12,2.13293e-11,1.12652e-10,1.15167e-12
0.00105195,0.231626,0.00411173,0.000352681,7.14544e-10,0.000947873,6.13329e-05,0.000427324,0.761359,6.17334e-05
1.01925e-08,8.45502e-10,1.83663e-09,8.61388e-12,2.09424e-09,2.01548e-09,5.23212e-10,1.93427e-16,2.53489e-15,1
9.63555e-18,1.18448e-07,5.65656e-13,1.79378e-06,1.02974e-07,1.0431e-16,1.63874e-09,8.79895e-08,0.992541,0.00745725
9.49878e-08,2.01571e-10,9.52027e-05,2.30654e-08,8.94268e-05,3.42483e-05,5.04372e-09,0.999781,1.83025e-11,2.94931e-11
1.36478e-12,0.876309,2.05905e-12,1.18204e-09,7.88127e-13,0.0209732,1.95963e-12,2.48667e-10,0.102717,1.79337e-08
4.98777e-10,0.991355,2.41592e-05,5.2216e-10,1.09422e-05,1.73695e-08,3.05994e-11,0.00861026,3.78004e-12,4.29892e-14
2.07006e-09,9.37093e-09,0.999947,5.25783e-05,1.2684e-18,2.55624e-13,8.45289e-20,1.7409e-12,7.84036e-11,5.30624e-19
1.92836e-05,1.03834e-06,3.97027e-06,4.15249e-14,0.999975,5.12614e-17,2.93086e-09,3.60567e-12,1.0371e-06,5.08959e-15
2.24063e-07,0.00253319,2.50103e-07,3.37868e-10,0.529464,0.000429772,0.00133774,1.52337e-13,0.466235,1.9981e-12
0.982911,4.33206e-05,8.59373e-15,3.20343e-09,2.25758e-08,7.75534e-07,0.0170403,4.31769e-09,8.55659e-11,5.00564e-06
0.951919,3.21706e-05,0.0435934,3.53183e-07,9.13209e-07,0.000423857,2.49478e-07,2.44554e-10,1.38119e-07,0.00403038
2.38528e-19,1.54305e-09,9.39213e-12,1.41617e-11,1.68257e-09,0.380892,0.619107,3.2668e-16,1.15831e-15,4.69123e-07
0.00118966,0.000388371,0.78885,0.00710816,1.71788e-07,1.5188e-10,4.86393e-10,0.0478485,0.154615,3.32175e-08
1.4285e-06,7.84067e-07,5.48239e-08,0.0150748,0.984911,1.37272e-10,9.14891e-06,5.839e-12,1.25253e-16,2.73201e-06
0.00495619,2.42863e-13,5.29051e-09,8.32557e-09,5.06152e-05,1.92818e-11,0.994992,1.08563e-12,9.25998e-07,4.07429e-08
2.74582e-13,0.0660686,1.16707e-06,1.63947e-05,1.05314e-05,1.37327e-05,1.21802e-07,6.48546e-08,2.38647e-05,0.933865
3.57755e-07,1.04434e-13,4.02764e-08,1.7016e-07,0.482353,0.517645,3.66981e-12,1.12268e-11,1.17451e-10,8.0776e-07
3.37859e-09,0.0100598,9.28844e-10,9.48004e-05,0.989781,8.98291e-09,1.77443e-08,2.96213e-06,6.1239e-05,2.12529e-11
0.999867,1.46878e-11,1.23341e-09,7.61545e-07,2.40256e-08,9.34123e-07,7.17399e-05,1.48372e-07,1.34652e-05,4.59129e-05
5.33975e-12,1.7776e-09,4.64979e-09,0.00049162,5.56596e-11,5.00111e-12,5.41739e-13,4.46975e-13,6.20543e-10,0.999508
3.15068e-15,1.45059e-07,1.40395e-10,0.726054,1.90626e-11,2.11495e-10,0.273946,4.16066e-08,6.28073e-13,2.52122e-12
2.03726e-12,1.41766e-07,1.99647e-10,0.438449,4.60941e-07,3.80474e-17,0.540665,7.11057e-10,0.0208856,6.29326e-14
1.21177e-12,4.60589e-05,2.44916e-11,3.17414e-06,0.0333636,0.000918516,7.40217e-11,0.965669,1.04938e-07,2.69856e-12
3.36466e-10,7.41254e-13,0.944084,0.00317559,5.02554e-06,6.4125e-06,8.16186e-06,4.47608e-09,0.052721,9.94722e-08
0.997894,0.000300279,6.55588e-06,7.08879e-11,5.516e-09,1.01781e-11,0.00179882,9.88601e-09,4.24471e-07,4.25658e-09
0.368569,6.78098e-15,1.52039e-10,1.76526e-05,0.631247,1.17422e-05,5.0105e-16,1.12529e-15,0.00015378,7.64426e-07
0.994854,0.00374322,3.5501e-09,1.19863e-12,1.30347e-06,2.74164e-10,4.06179e-11,0.00140153,6.15589e-10,1.91411e-07
5.6197e-10,5.12153e-07,4.24508e-09,1.62838e-09,0.0638583,0.0134286,4.69197e-09,0.922713,5.98641e-16,1.51149e-08
0.00811205,9.86518e-06,2.17658e-10,6.94387e-12,0.991773,0.000104998,9.1782e-13,4.33826e-12,7.56119e-11,2.94174e-16
4.54478e-10,1.0256e-13,3.86746e-17,8.33483e-08,1.22892e-09,7.56504e-11,5.99753e-07,0.999999,2.20114e-08,2.67158e-10
0.000634711,6.81827e-11,7.34827e-14,1.118e-09,0.999362,5.24497e-09,2.89575e-06,1.19352e-10,1.8835e-11,8.17405e-10
2.36117e-10,1.84237e-09,0.000172282,1.74236e-16,9.06913e-12,2.26397e-14,8.45093e-07,1.23408e-14,0.83466,0.165167
4.95215e-10,3.28261e-18,4.85737e-12,1.10366e-07,5.25277e-15,0.999999,3.47006e-13,4.404e-07,1.35762e-09,5.26909e-10
2.48259e-06,0.000673555,0.00346576,2.32657e-05,0.000287136,1.90121e-07,0.0244542,0.971093,1.81738e-07,1.60986e-11
6.41394e-09,4.86237e-15,1.12957e-17,1.23875e-10,1.05533e-12,1.73908e-06,0.999994,6.67659e-13,4.26623e-06,3.1809e-11
5.7661e-14,0.00501097,1.12849e-11,6.36523e-12,8.11162e-09,0.68952,0.0393574,0.0222945,0.243802,1.49484e-05
8.35376e-12,1.07793e-06,5.65068e-09,1.87675e-08,3.28344e-10,1.21591e-10,0.980467,0.0195168,1.48169e-05,5.03124e-08
1.72604e-06,0.906137,3.16584e-08,1.50154e-09,0.000313713,0.000520403,8.79956e-08,0.00013838,0.0147896,0.0780989
0.947976,2.00402e-06,0.0519096,4.31329e-09,7.91176e-07,2.60886e-12,6.38089e-10,7.46266e-09,4.60635e-07,0.000111207
9.15402e-09,0.436528,0.470072,0.092292,0.00108619,9.50775e-08,7.07227e-06,1.62123e-06,4.38806e-06,8.93465e-06
0.880574,1.16228e-08,3.20833e-06,3.32237e-16,1.16723e-06,2.27733e-10,2.28543e-16,4.00968e-09,0.00125404,0.118167
1,3.57401e-15,1.36662e-13,2.96574e-13,3.95984e-13,7.37307e-12,4.59632e-17,3.27608e-21,1.06669e-11,7.01862e-13
4.59288e-07,1.34278e-15,9.89857e-12,3.02872e-13,0.00318799,1.57726e-13,0.996741,4.265e-06,1.61999e-12,6.64512e-05
6.26653e-11,9.90359e-11,3.27721e-11,5.04414e-11,0.999945,1.22445e-08,2.33444e-09,4.13471e-06,2.24568e-05,2.80049e-05
0.000183994,4.13767e-08,1.81487e-06,3.5402e-05,0.000653919,7.74417e-08,0.77343,5.52473e-05,0.225639,6.01883e-07
6.25339e-06,0.0110222,0.0230136,8.02048e-13,0.422003,4.41964e-09,5.379e-13,8.03837e-07,0.0155239,0.52843
1.53114e-06,0.999995,5.71446e-08,4.84377e-14,1.62985e-11,3.80862e-06,2.59839e-12,2.5726e-09,1.69595e-13,2.05004e-14
0.998087,4.61771e-19,3.1612e-06,9.92103e-12,0.000218036,0.000118824,5.05763e-13,1.00793e-08,1.14449e-13,0.00157256
9.52619e-09,2.47879e-15,1.57888e-10,4.48854e-16,1.94232e-12,1.87467e-20,1,1.70002e-07,7.71229e-16,9.03366e-09
0.00427205,3.11617e-08,0.990346,6.87286e-07,5.57174e-09,0.00518446,4.46301e-05,8.48975e-08,9.9288e-05,5.26023e-05
3.96965e-05,2.43688e-07,7.01105e-08,0.539087,0.0470342,1.49079e-05,0.000228423,2.05328e-05,0.377049,0.0365259
0.00206421,2.0308e-10,7.39663e-09,0.0334393,1.00676e-12,6.64858e-05,0.706261,1.21693e-16,1.23468e-09,0.258169
1.12053e-06,8.88354e-13,6.5778e-13,1.1052e-05,1.76969e-10,3.0602e-08,0.00881691,0.991171,1.38963e-11,1.95098e-10
1.92845e-10,1.34591e-06,1.09676e-06,0.000391173,0.00158324,4.61549e-14,3.93805e-13,0.00455774,3.2167e-06,0.993462
2.92301e-14,2.11973e-07,4.12854e-21,9.93051e-15,1,2.22217e-20,5.09008e-14,5.07347e-11,2.2632e-11,1.80192e-16
1.04647e-08,0.997332,1.31769e-07,2.88065e-16,2.96896e-09,0.00119336,7.61897e-11,5.50913e-08,0.00147137,3.49536e-06
0.00412338,7.78959e-09,1.62256e-15,1.17644e-13,2.77552e-15,2.27966e-13,0.995877,6.57904e-15,2.00643e-11,8.46686e-17
1.80922e-06,5.35473e-05,1.41584e-08,1.04219e-13,2.25966e-12,8.08541e-06,6.45366e-07,0.911497,0.0875238,0.000914865
3.05671e-10,3.89613e-09,1.09035e-14,0.987998,1.75963e-16,3.17942e-05,0.0119698,1.50997e-11,3.7542e-13,7.79544e-12
2.95365e-06,0.000350687,2.60338e-05,0.493133,0.0176668,2.15689e-07,0.31786,8.16271e-14,0.170959,8.44885e-07
0.705484,0.00196281,0.292553,3.10598e-18,1.66306e-16,1.26885e-11,1.35782e-16,1.38946e-22,2.59037e-21,3.30383e-09
0.000201235,9.68428e-11,3.98729e-06,0.572534,0.00561365,3.47112e-14,1.22601e-13,0.421647,9.00753e-11,3.34847e-07
5.68559e-07,0.131406,3.75815e-11,0.00035836,0.865942,1.73052e-09,0.00229296,5.33102e-12,4.16223e-14,1.14934e-09
1.13775e-05,2.45689e-09,4.28254e-05,1.09496e-07,1.92681e-05,8.25945e-07,0.999702,2.58493e-08,0.000136862,8.62662e-05
7.50777e-14,0.000232458,0.0117361,6.88645e-15,1.48717e-05,5.141e-11,0.914873,6.82509e-07,0.073143,1.9506e-13
1.22822e-07,1.38094e-07,3.85984e-10,2.34161e-11,0.0780908,0.00020046,1.05167e-09,1.18082e-06,6.84966e-07,0.921707
2.31686e-06,0.24285,4.41407e-08,0.673769,1.702e-11,0.00404624,8.34694e-08,0.00027811,5.83968e-09,0.0790538
6.02635e-19,5.87027e-11,3.06823e-05,0.999948,6.51286e-15,7.56775e-15,3.50982e-07,9.83545e-16,4.24724e-16,2.07632e-05
5.6951e-07,5.60014e-08,2.33941e-12,2.32943e-09,4.07516e-12,3.27595e-13,2.70344e-12,2.5005e-17,9.59901e-19,0.999999
1.51395e-13,0.966327,1.20989e-07,5.2273e-13,1.45997e-07,0.0336727,2.1644e-09,6.20194e-12,1.575e-12,2.35197e-07
1.79682e-17,2.47069e-15,4.98129e-07,3.69576e-12,1.15257e-11,2.2783e-14,1.82747e-16,0.999999,4.79693e-10,1.89711e-07
0.506679,3.64708e-08,0.385418,0.0026792,0.0847725,0.000243797,0.0201839,1.63147e-08,4.24867e-09,2.36739e-05
0.349584,2.69007e-07,0.594909,3.68967e-15,8.14447e-05,4.07295e-07,8.94869e-07,7.58864e-07,0.055423,6.50781e-09
5.57473e-22,1.1061e-18,2.83143e-21,3.73268e-11,4.27916e-18,2.76596e-14,1.47468e-14,2.47047e-17,2.9325e-21,1
2.03485e-06,1.97326e-12,0.999998,1.28359e-11,2.60316e-09,4.36402e-12,6.73811e-15,1.00814e-08,1.50517e-15,7.15689e-13
1.46746e-08,4.14838e-07,1.43782e-13,5.89749e-11,4.76182e-11,0.99893,0.00106771,1.86232e-06,8.74194e-17,7.76528e-10
0.00020279,0.99265,3.94983e-12,0.00596937,0.00100762,1.86418e-13,4.81332e-08,1.52034e-07,3.63545e-06,0.00016674
4.3137e-09,0.989001,0.000510835,0.000251571,1.87753e-09,4.56221e-09,0.000196671,1.07297e-06,0.0100386,7.29667e-11
0.671011,3.12731e-11,1.14631e-11,9.42635e-12,5.78859e-13,0.00147442,3.40516e-08,0.327514,3.54494e-09,3.99954e-11
0.999413,1.50364e-07,3.94728e-15,0.000191981,6.68375e-06,2.78671e-08,1.91682e-07,7.27991e-05,0.000314943,9.1745e-15
3.45484e-05,4.85322e-12,3.12138e-11,2.64616e-13,0.00240003,0.992158,1.50843e-09,2.78331e-07,5.15371e-09,0.00540679
0.916477,1.18026e-10,4.55508e-15,3.18157e-09,1.37922e-11,0.0832405,2.03209e-05,5.31646e-13,0.000262059,7.61468e-08
2.4761e-09,0.000320136,0.999078,6.88028e-05,7.29653e-10,0.000278488,1.61379e-08,3.56342e-09,2.33756e-08,0.000254831
6.37437e-13,1.79991e-06,1.90037e-06,7.04983e-08,5.62326e-08,0.0386738,0.000449159,0.960224,0.000649489,1.23472e-07
1,1.04481e-09,3.65405e-07,5.85721e-08,1.15702e-09,1.0116e-16,1.09435e-13,3.475e-16,4.07161e-13,3.93005e-16
2.94143e-08,6.49573e-05,1.16268e-11,1.36739e-06,3.88832e-08,0.997575,1.24892e-05,1.61872e-10,0.00231492,3.14597e-05
8.86013e-11,2.03533e-08,1.21873e-05,0.990701,1.01437e-05,0.00923673,3.38719e-09,1.49878e-05,2.49977e-05,6.80778e-11
0.00021181,0.766159,5.61009e-05,1.50679e-05,0.00443959,1.68464e-07,0.000270004,0.00232864,1.74848e-12,0.22652
1.75542e-06,1.24244e-15,0.967664,2.37955e-14,0.000158551,0.00060925,2.08063e-14,0.0280696,1.25425e-13,0.00349635
3.72369e-15,9.44725e-12,8.29622e-15,5.34773e-09,1,6.21478e-10,4.64271e-07,2.12798e-08,9.58565e-13,7.68154e-12
6.8238e-13,5.11702e-07,9.45092e-07,3.73463e-16,0.619924,3.38766e-08,2.04711e-10,6.73172e-15,2.72982e-14,0.380074
1.8839e-06,0.316616,1.31679e-06,3.18228e-07,1.02981e-05,0.547858,5.41273e-08,0.135435,1.11003e-07,7.66133e-05
3.01107e-08,2.52195e-08,2.17513e-09,2.60306e-08,4.60176e-09,2.09668e-06,5.67539e-13,3.73727e-13,1.68121e-13,0.999998
2.57765e-16,3.14245e-15,0.999918,2.02389e-09,1.36687e-13,3.2818e-15,2.8601e-11,8.19824e-05,3.00837e-12,1.50522e-07
8.40485e-12,3.48046e-12,9.57129e-06,2.29227e-12,0.999989,2.29241e-15,9.68156e-08,2.71819e-21,1.38892e-08,1.36281e-06
2.74991e-10,0.00219652,0.14041,0.00215981,1.45456e-08,3.85643e-08,1.81059e-07,9.35329e-05,5.27662e-14,0.85514
0.00214265,4.34774e-14,1.32922e-06,5.46007e-08,0.0170569,0.00366562,1.64271e-08,0.00709733,0.921984,0.0480517
4.13242e-15,6.59331e-10,4.9197e-14,1.7722e-11,3.4121e-11,0.999967,1.1592e-08,3.28908e-05,1.22955e-13,1.57005e-08
0.000132747,5.8535e-11,2.078e-05,2.11655e-08,0.0549944,3.45194e-08,0.94353,1.50842e-06,9.43028e-08,0.00132007
3.16499e-15,3.85191e-12,1.10639e-10,4.95182e-11,4.85984e-12,1.35235e-13,3.05743e-23,1,4.58687e-10,4.6143e-18
0.667824,4.1131e-09,1.02837e-07,0.000684595,0.0588495,2.08386e-09,0.191614,0.081026,4.14961e-07,1.92086e-06
1.74051e-06,4.77394e-17,1.28314e-10,0.0538326,4.3668e-16,1.29389e-09,2.68825e-09,3.77052e-09,0.946166,1.24354e-11
4.07034e-13,9.53768e-14,0.808103,0.183308,0.00858818,7.85422e-15,2.99541e-15,6.14455e-08,6.44914e-07,2.43575e-11
1.28975e-12,0.99932,1.70813e-08,9.4316e-15,3.54407e-08,1.01515e-13,1.60424e-06,0.000678649,1.12115e-07,5.31254e-10
7.57921e-10,8.42532e-08,4.21175e-08,9.27121e-08,5.28382e-07,0.00232809,0.000134726,3.17289e-07,0.765774,0.231763
0.000666799,5.43063e-10,0.351266,0.000170944,4.26835e-05,0.0210873,0.0344313,1.26378e-11,0.589824,0.00251044
1.3373e-13,4.92007e-13,0.0782357,9.09189e-08,1.87447e-06,3.42091e-10,0.76748,7.23313e-05,5.88737e-11,0.15421
1.06033e-10,0.999439,1.05865e-08,0.000556501,4.11247e-06,1.38438e-10,3.83788e-12,6.97449e-07,3.175e-12,9.64529e-13
2.94415e-10,3.21277e-07,0.999312,8.92652e-06,4.58172e-05,7.88442e-13,0.000249848,3.86582e-10,0.000372494,1.06172e-05
1.35055e-14,7.43097e-13,0.198013,3.11863e-14,1.85686e-12,0.0273268,0.77466,4.48337e-15,3.90502e-11,1.35546e-15
4.21989e-10,5.814e-07,6.53424e-09,3.88594e-13,6.34492e-08,3.08423e-06,0.999996,6.29803e-11,1.3225e-09,4.92031e-12
5.59679e-15,0.997856,0.000234345,7.8922e-17,1.15518e-16,6.17838e-07,3.53461e-11,0.00190875,1.37066e-08,2.12414e-10
9.33928e-17,1.6091e-11,3.82582e-10,0.000809317,0.9726,0.00786804,0.0187192,1.86647e-09,2.4398e-07,3.27795e-06
1.67035e-14,5.04429e-12,1,1.35084e-17,1.15727e-13,1.4896e-07,4.51982e-12,4.9275e-12,2.07238e-15,1.44454e-15
3.03135e-08,5.23734e-05,0.116302,6.77912e-07,1.34928e-08,5.35157e-07,0.883611,9.78502e-09,3.26813e-05,1.85844e-08
0.00125668,3.1599e-11,5.19413e-10,3.18887e-06,1.84503e-05,2.42839e-09,5.21956e-10,0.998686,1.2425e-06,3.43151e-05
1.14035e-10,0.998935,0.00103132,1.79468e-06,2.07726e-06,5.30669e-11,4.693e-06,6.56889e-07,2.42273e-05,1.13011e-09
2.61262e-12,0.999684,9.37194e-12,1.01358e-13,4.21667e-09,0.000314959,4.79412e-10,9.09402e-07,1.09091e-12,2.62816e-10
2.74917e-12,0.000227601,0.000281946,0.000339265,3.50298e-09,0.000121089,0.993605,0.00423142,0.00118964,3.69446e-06
4.11278e-14,0.960845,9.30978e-06,1.27913e-06,9.35869e-11,7.26022e-10,0.0014669,0.0374615,0.000215616,8.08945e-07
5.10674e-10,1.45215e-13,1.83214e-14,8.01157e-09,1.00792e-15,1.79975e-12,3.13552e-14,1.16928e-16,0.647167,0.352833
8.49235e-08,0.875572,1.34621e-17,1.50289e-08,0.000915172,2.57651e-10,0.000167021,0.12323,0.000115542,3.25325e-13
0.0212285,7.12528e-16,4.34547e-10,3.25157e-18,2.07902e-12,1.77029e-09,0.978771,1.87332e-11,1.53659e-10,1.94966e-07
2.02472e-12,2.58609e-08,0.000189828,3.77804e-10,0.999686,3.53754e-10,0.000124519,1.59857e-15,4.88793e-16,4.167e-11
1.90856e-11,1.18014e-05,7.49423e-06,8.72822e-15,5.87481e-15,1.75824e-08,2.50279e-11,7.90703e-07,0.999178,0.000801653
4.79449e-11,3.71547e-14,0.000334979,7.44485e-11,1.12496e-12,0.999663,4.36262e-09,4.33029e-09,1.81198e-08,2.2658e-06
5.12583e-17,2.43044e-11,8.73194e-07,1.61598e-16,5.98129e-11,8.4392e-08,0.999998,1.76144e-10,4.00345e-10,7.37197e-07
2.44885e-12,0.00763404,3.48277e-14,1.28677e-10,0.992366,5.90215e-08,1.4965e-14,1.03641e-09,3.3044e-15,1.39189e-08
0.999645,1.19187e-20,3.16856e-21,1.77074e-19,1.43775e-10,1.90297e-12,3.66895e-12,4.51464e-09,0.000355427,1.15019e-16
4.94022e-13,0.000601252,3.18593e-22,9.40049e-12,1.63107e-18,3.24531e-20,9.66703e-19,2.20473e-13,0.999399,5.38856e-16
4.05102e-13,8.63275e-15,1.74686e-12,1,2.03962e-13,1.0487e-16,1.19942e-11,4.55277e-13,5.09618e-09,3.97479e-12
2.15233e-13,1.05207e-10,7.02658e-11,0.801571,0.198416,1.4662e-10,1.64517e-07,1.30216e-05,1.57438e-20,8.02807e-08
0.00115571,0.17929,1.54641e-11,1.34634e-06,0.683719,0.11765,0.00713662,1.11432e-05,6.02181e-15,0.0110369
1.31841e-12,0.636296,0.0285169,0.193894,2.01823e-05,7.29688e-10,0.131509,2.40361e-07,0.00976451,1.67539e-08
4.19617e-05,4.44187e-06,0.998418,6.06814e-05,6.743e-15,3.07142e-11,8.46686e-08,0.00147444,5.49302e-15,7.14136e-14
3.27721e-08,0.999999,1.80965e-14,7.88767e-16,2.23775e-07,4.65898e-07,4.3013e-16,6.78627e-17,3.34599e-12,4.21148e-09
2.18787e-14,7.0197e-19,2.62507e-12,3.16961e-16,6.88443e-07,4.18694e-18,8.56058e-15,0.999999,8.6328e-10,1.79168e-13
1.60042e-07,1.34244e-06,1.99113e-09,2.77123e-12,6.07191e-17,5.2837e-06,5.04039e-15,1.21414e-10,0.999113,0.000879983
8.34103e-21,4.2311e-14,1.12383e-16,4.6881e-24,1.67248e-16,1.64056e-14,1,1.56848e-12,1.4502e-13,2.19321e-08
1.20587e-07,9.49734e-05,3.30423e-13,1.93575e-05,0.140749,0.859056,9.34846e-07,1.00651e-07,7.34964e-05,5.08633e-06
2.29141e-08,0.00177724,0.981278,0.0132327,1.55784e-10,5.21929e-06,1.73876e-08,0.000332759,0.00337432,1.94361e-11
0.180362,4.52043e-16,7.10951e-08,0.385392,0.433207,1.16124e-09,0.00103797,2.35611e-12,1.07213e-06,6.44151e-08
3.78473e-12,6.75914e-05,2.83023e-05,0.999902,3.72778e-12,1.37721e-06,1.01606e-14,5.29272e-11,5.89339e-07,1.63036e-15
5.18974e-07,0.000401561,9.19779e-12,7.54136e-06,1.41904e-05,3.0812e-10,2.53502e-09,1.18243e-06,0.000262483,0.999313
1.46562e-10,0.999499,2.73188e-08,3.64881e-07,0.000117895,6.49422e-09,6.4963e-05,7.11717e-07,0.000317428,1.34894e-11
6.3841e-14,0.00934585,4.42437e-06,0.0572684,1.40497e-15,8.90425e-13,0.000433532,3.24769e-10,0.00249592,0.930452
5.46638e-06,4.66781e-09,0.00125654,1.3379e-10,0.00171257,0.996386,7.71525e-10,3.9388e-10,0.000639192,1.09843e-11
2.48179e-06,5.5577e-05,0.0193667,0.771932,0.00205711,0.000780351,0.203791,0.00199407,9.19705e-07,1.98518e-05
6.21399e-12,2.05734e-11,1.19472e-18,1.1816e-14,6.06674e-10,2.84529e-07,1.21082e-18,0.999999,4.649e-13,5.41621e-07
0.000165116,2.78656e-06,0.119539,1.30914e-05,1.02961e-08,0.0080548,1.92559e-12,0.872225,4.14954e-12,3.54048e-07
6.55847e-10,0.00585645,0.00167794,1.9486e-13,7.06737e-05,1.8039e-10,0.983954,3.64791e-07,8.33894e-08,0.00844079
8.51813e-08,1.01432e-05,0.0373887,2.49189e-09,7.17882e-11,0.786608,1.51067e-12,0.175993,1.13265e-09,5.09465e-09
5.23938e-15,1.18873e-14,1.6229e-08,2.4198e-05,0.999319,3.07839e-19,0.00065655,1.90667e-15,8.57163e-10,1.70694e-11
0.959659,5.43059e-06,5.18695e-11,2.45239e-11,1.08118e-08,5.84653e-08,0.000400414,0.00111486,0.000102452,0.0387175
7.18076e-15,5.22115e-10,1.59637e-14,1.48683e-21,1.00523e-14,1,2.52869e-12,1.64638e-16,1.61643e-14,5.98376e-14
0.00035421,2.26594e-09,3.13018e-05,4.55533e-06,0.805766,0.00285632,3.06823e-11,0.124764,0.065336,0.000887348
9.55617e-14,1.94415e-08,1.79786e-09,0.999318,0.000126111,1.01894e-05,2.2658e-05,5.55572e-05,0.000227269,0.000240503
6.51323e-07,0.00166357,4.03042e-08,0.00089172,1.81948e-08,3.52807e-08,0.997376,6.43881e-05,8.20695e-10,3.92401e-06
0.0606263,1.11792e-14,0.0545546,8.87693e-13,8.43021e-06,4.68024e-16,0.884793,1.12963e-07,1.74057e-05,3.51494e-08
2.12455e-07,3.222e-10,0.00717624,3.14567e-06,1.72602e-05,2.12102e-13,3.47e-07,0.992793,9.38229e-06,5.48713e-10
1.72735e-10,4.78528e-07,7.12166e-12,6.09482e-09,1.61717e-10,0.999999,4.24973e-13,5.6818e-13,3.46302e-08,8.91036e-09
0.000286814,1.57252e-09,0.991004,0.00509836,0.00360593,2.57165e-07,4.86503e-06,4.07915e-08,3.29244e-09,8.58924e-08
2.83388e-15,6.0163e-13,1.10324e-06,1.1719e-09,0.999979,2.38899e-13,1.68561e-09,4.54164e-14,5.01651e-06,1.52923e-05
2.62453e-12,3.58952e-13,3.91206e-15,9.41972e-10,0.91385,5.45302e-06,0.0861448,1.85605e-12,1.67073e-07,6.82537e-15
0.239059,2.42903e-14,0.392037,2.53918e-11,0.366553,1.82018e-05,4.3212e-07,0.000301117,9.61109e-12,0.00203147
8.72323e-06,4.33113e-14,0.964276,3.52352e-11,1.98727e-13,0.0330114,2.43015e-06,2.49575e-10,0.00270154,1.32685e-08
5.62542e-08,0.00340836,9.05092e-05,3.12649e-06,0.000732417,3.60125e-15,0.995636,6.89305e-12,4.94805e-09,0.000129521
0.9981,4.24649e-10,6.00485e-09,5.25468e-15,9.47991e-13,0.00167717,0.000213347,9.13863e-06,5.51488e-07,1.44769e-08
1.21985e-06,6.16371e-06,0.0038085,3.25554e-11,2.30138e-08,5.22125e-10,0.996169,1.84898e-09,1.51295e-08,1.54903e-05
0.000728362,0.0193723,8.50533e-07,6.03527e-13,3.07325e-06,0.000278855,3.97253e-09,3.34495e-11,0.979617,1.43956e-08
5.44124e-09,4.77251e-15,3.51518e-14,2.33718e-05,1.60654e-05,6.61436e-09,2.57087e-08,3.56027e-11,0.992985,0.00697529
2.30106e-10,0.0471213,7.34498e-13,0.952863,2.16076e-09,1.46556e-09,1.14237e-05,7.49775e-07,1.37214e-13,3.28885e-06
9.87239e-14,3.04394e-05,5.23885e-14,1.02693e-15,4.38331e-05,1.66841e-06,3.77456e-05,4.2221e-15,6.21629e-15,0.999886
7.47314e-10,1.53515e-09,8.94773e-07,0.000383038,1.24829e-11,4.27714e-10,8.68469e-06,2.47328e-06,0.999605,1.90296e-07
1.50826e-05,3.95588e-08,7.41489e-11,3.83424e-13,7.99553e-06,4.23128e-11,1.39352e-09,0.999977,3.39123e-12,2.04881e-18
0.00251364,0.000946757,0.295942,0.01795,0.647934,6.09628e-05,0.0194919,0.000350244,0.0148067,4.24214e-06
0.00531513,1.14856e-07,1.58405e-06,7.10896e-06,2.87104e-08,5.32443e-10,1.96246e-11,0.994676,8.63834e-14,1.86748e-11
0.656396,2.9769e-10,7.92976e-06,1.04178e-05,3.68881e-05,4.43677e-06,0.339878,1.98942e-05,0.00364617,8.71538e-09
9.68265e-12,3.14981e-05,0.999546,2.65087e-11,7.81261e-14,2.18076e-07,0.000422366,5.69306e-17,9.35842e-10,1.87228e-16
3.31996e-11,9.07143e-13,1.56977e-14,1.21763e-15,5.36654e-12,0.000329263,0.924356,3.03676e-12,0.0753147,2.45955e-13
5.13778e-14,0.00146944,7.07695e-17,6.75214e-12,3.12105e-22,2.06728e-15,5.04272e-15,1.66847e-15,0.993909,0.00462204
4.14128e-09,6.64323e-07,6.35808e-11,3.81482e-12,0.998194,0.00106816,1.48526e-17,5.58795e-10,2.01861e-14,0.000737321
5.69427e-10,0.304673,1.55646e-09,1.29212e-09,5.19392e-10,0.692709,0.00110757,0.00150898,5.75665e-11,1.94038e-06
1.52376e-11,2.37585e-16,1.96287e-07,3.23324e-10,0.999891,1.2891e-10,0.000108861,3.03156e-08,1.31622e-14,2.53628e-10
0.283369,0.716281,6.23976e-07,0.000192373,6.49957e-09,0.000118922,3.00621e-05,1.1105e-06,6.66832e-12,6.3881e-06
1.32138e-20,4.27347e-11,0.00424956,1.61813e-08,0.000142031,0.995608,8.4639e-10,1.33548e-14,2.32178e-14,8.06389e-16
1.7146e-07,8.82932e-07,1.1989e-11,1.51954e-10,3.34337e-05,1.27889e-10,2.58234e-08,7.91497e-16,0.999965,9.23937e-12
0.00737138,0.985531,3.05262e-07,4.36148e-10,1.69911e-19,1.2321e-10,6.09841e-08,0.00708178,1.7911e-13,1.56491e-05
1.06466e-12,0.014676,0.0110886,3.52502e-14,0.769987,0.00147971,0.0447495,2.62336e-06,0.158016,1.25955e-06
4.17619e-21,1.35494e-18,1.74577e-11,1.08849e-15,3.28705e-15,0.999214,4.25395e-16,0.000786282,2.5922e-08,3.62017e-10
0.999708,2.78199e-11,1.77539e-16,6.38721e-08,8.39669e-05,1.8623e-07,4.72304e-14,2.99057e-06,0.000204793,3.23329e-11
9.87817e-15,5.34679e-06,0.000476325,3.72025e-07,2.10392e-17,7.11191e-14,1.74164e-06,0.000142103,0.999374,2.65807e-14
1.00526e-06,3.15132e-17,7.23896e-15,1.22493e-20,4.35437e-14,3.53182e-08,6.20005e-14,5.07572e-11,0.0347922,0.965207
0.00357979,7.80408e-07,6.32029e-15,0.995948,0.000277394,1.81782e-09,6.14705e-13,0.00014521,7.66448e-10,4.88968e-05
0.993311,2.26719e-07,0.00041638,1.60732e-14,9.87721e-06,2.23774e-10,0.00112923,0.00513292,4.9703e-08,3.62211e-14
1.91512e-09,3.42644e-07,0.999339,2.82227e-05,0.000186999,0.000387888,5.64749e-05,8.21272e-10,1.01927e-06,5.52271e-12
9.82613e-05,4.63327e-05,4.37792e-06,0.000939745,0.017768,3.16397e-06,0.00930403,0.971835,1.22466e-06,5.97322e-10
0.999998,4.29331e-17,2.38679e-13,3.87536e-13,8.19174e-14,2.8456e-12,2.67249e-15,1.66111e-13,2.22992e-06,3.66948e-14
8.47302e-10,3.12612e-09,0.00066467,0.00280329,0.625931,1.31558e-09,6.04055e-13,0.00233134,5.24274e-09,0.368269
1.28701e-06,3.28873e-13,0.998606,3.36995e-08,3.40707e-09,7.95639e-08,9.77648e-10,4.31869e-09,2.40214e-08,0.0013929
2.79686e-08,2.27569e-06,0.00034476,4.29275e-14,2.86328e-11,6.39433e-12,8.83702e-12,5.79704e-15,0.999653,3.11113e-11
7.97904e-07,1.29633e-08,2.23664e-06,0.994237,1.09644e-07,0.0022732,4.98108e-11,0.000817208,0.00195777,0.000711337
4.51851e-05,0.999954,5.00691e-10,5.58612e-16,1.01472e-06,2.69498e-18,2.84142e-18,5.82021e-11,1.40737e-11,4.01217e-18
0.0196272,8.03663e-19,1.30445e-11,4.18791e-05,5.66873e-10,0.980331,3.04987e-14,1.79851e-09,3.49785e-19,3.59512e-15
0.873117,9.43015e-05,2.82941e-11,1.69955e-08,0.00151934,0.000150616,0.0172821,0.107834,7.09508e-11,2.59731e-06
2.44262e-09,6.34078e-09,0.000126323,1.07304e-09,0.0452952,8.14314e-10,0.953672,1.4951e-12,0.000246674,0.000659377
0.999606,3.92937e-08,1.68177e-09,5.46204e-13,2.04617e-14,2.45387e-09,2.83654e-09,0.000393993,8.11566e-13,7.17068e-10
0.960153,2.61827e-10,0.0288746,0.00997662,4.11018e-08,5.25427e-05,4.42986e-07,7.02167e-10,0.00071805,0.000224461
4.01937e-10,1.15624e-13,0.980316,6.19002e-08,3.82173e-10,0.00110233,1.81601e-09,1.90619e-10,2.36362e-09,0.0185817
2.45859e-07,5.59714e-11,0.401523,0.0128427,2.76006e-09,1.18551e-09,0.583377,5.05514e-11,0.00225686,6.17063e-12
2.92765e-10,2.53556e-14,7.56641e-06,2.12015e-07,0.0067819,0.99321,1.60512e-10,1.07467e-09,4.80324e-10,6.91886e-07
0.999533,1.75114e-09,5.17508e-12,5.01275e-12,4.07702e-07,8.54038e-07,3.9644e-08,2.65253e-20,1.03407e-09,0.000465829
1.07102e-16,8.55449e-13,1.17007e-07,0.996309,0.00208615,0.00160477,7.42315e-12,3.85816e-13,1.75979e-14,2.96658e-09
4.55856e-09,1.09655e-13,0.00472139,0.994718,1.40304e-10,3.54449e-05,4.21133e-09,7.18038e-14,0.000520408,4.43634e-06
1.74735e-10,4.28384e-16,2.55787e-16,0.999998,2.25965e-06,2.09357e-07,2.54207e-10,9.01758e-10,2.0962e-08,1.1072e-12
4.88308e-06,0.934331,0.00504622,1.56591e-11,2.98896e-12,6.11068e-08,1.70929e-06,0.0514952,7.86194e-06,0.00911275
9.24549e-06,0.00438106,1.08127e-15,0.995573,1.04858e-14,2.88681e-09,3.40686e-05,2.31416e-06,9.04952e-09,6.68183e-08
9.46246e-08,2.82681e-10,1.76939e-06,2.50896e-08,3.42779e-07,7.04447e-11,1.57247e-12,0.0077859,0.992212,1.85811e-12
1,3.37938e-09,4.62268e-10,1.23859e-09,1.60247e-09,3.46137e-10,8.93253e-19,5.66078e-11,8.46631e-12,8.39012e-18
3.52529e-08,0.000869118,6.13336e-12,0.0181986,0.00111778,0.00579465,0.723471,0.248431,0.00011695,0.00200145
1.38615e-07,6.74215e-05,1.5158e-13,1.34567e-07,3.58135e-10,4.74296e-10,6.56396e-08,0.99993,3.64976e-09,1.95269e-06
0.00297397,0.932311,2.32767e-06,1.6311e-06,2.72762e-06,2.19554e-08,0.064698,1.01167e-10,7.18447e-06,3.54684e-06
0.988743,0.0112533,5.33884e-07,4.18007e-09,2.79192e-11,3.88221e-09,3.00579e-10,7.30716e-12,2.83444e-06,4.05825e-09
0.132801,3.00628e-07,0.295137,0.571893,2.85351e-06,9.82532e-06,5.69948e-09,1.48074e-08,0.000155518,8.53711e-08
9.00754e-21,3.92628e-17,1.27577e-10,1.1038e-17,2.99278e-08,2.42382e-10,1,2.14005e-14,2.39214e-19,1.21925e-10
9.02192e-11,1.30999e-08,1.20991e-11,1.30101e-10,3.81916e-09,0.00709639,6.44483e-18,3.13617e-12,0.992885,1.84835e-05
4.79208e-06,0.00128948,6.2269e-08,0.630469,6.44859e-09,9.75313e-06,1.75764e-09,0.368193,3.42961e-05,8.07255e-10
4.43658e-12,1.83683e-10,4.75272e-15,2.37505e-06,8.68902e-16,0.999861,0.000136814,1.31524e-15,4.45941e-11,6.42683e-18
8.49679e-11,0.999998,3.33231e-14,5.19027e-22,1.5426e-06,4.94139e-16,2.32031e-10,9.45669e-14,1.24904e-11,1.06885e-11
4.16423e-11,1.20853e-07,5.18489e-12,1.87195e-11,0.998576,0.00142361,2.04816e-17,4.02398e-13,5.57705e-14,1.30688e-09
0.816294,0.183578,2.35916e-08,2.08761e-06,4.66983e-06,5.69513e-10,2.54549e-11,0.000121208,3.75465e-07,2.884e-17
1.26831e-06,1.1543e-18,1.2751e-16,7.65131e-16,3.79663e-18,9.0666e-13,1.06479e-15,8.57704e-05,0.999913,3.74774e-15
0.00714013,6.22073e-10,4.36482e-08,0.0200371,0.0030969,0.956777,8.04203e-05,1.78328e-10,0.0128682,4.26547e-08
8.38067e-08,3.55933e-09,2.26559e-06,1.9699e-11,8.08351e-15,5.68278e-12,0.99441,0.00557469,2.28659e-08,1.33973e-05
0.00018739,1.13316e-11,0.0396586,0.960149,3.35038e-07,3.13427e-12,1.76785e-08,9.81514e-07,3.22311e-06,6.52054e-14
5.3418e-11,2.0676e-06,1.16479e-07,0.999305,3.10168e-06,5.1071e-18,6.40977e-06,4.40551e-11,2.76639e-11,0.000683393
1,4.19634e-09,1.02426e-15,2.99823e-13,5.68646e-10,7.37059e-09,6.81638e-14,5.33002e-11,1.40952e-15,1.47929e-09
3.83065e-09,0.11014,1.17334e-09,0.632925,1.90834e-06,5.65632e-05,0.00391214,0.246293,0.00667084,7.21594e-13
1.19918e-05,3.42881e-14,1.95084e-11,6.29941e-20,1.13896e-12,3.29044e-17,9.30647e-16,1.48305e-15,7.2243e-14,0.999988
4.74764e-14,6.60146e-12,6.08662e-12,0.0065304,0.00266261,0.945749,5.3281e-14,0.0450281,2.9004e-05,1.16084e-06
3.23676e-06,1.80369e-13,2.90711e-05,6.90243e-12,0.997451,0.00213539,1.14686e-12,1.44736e-06,7.27248e-07,0.000379603
0.00558269,2.20142e-13,3.03264e-09,3.43444e-06,0.186971,0.772433,2.0492e-06,1.73843e-05,0.0349867,3.34463e-06
7.75553e-05,1.19926e-11,1.21491e-11,8.88099e-05,1.58001e-08,3.09025e-05,8.32881e-08,0.749736,0.249941,0.000125389
0.00093791,0.000211785,0.981942,0.0167174,1.72372e-05,9.67344e-10,3.9995e-08,3.88473e-05,0.000125411,9.39711e-06
0.0002477,2.39227e-11,0.00429268,5.47001e-05,4.13016e-06,5.47577e-08,2.67027e-07,0.000902978,0.910086,0.0844118
0.00122599,3.01548e-10,2.93694e-13,1.58777e-05,0.0091612,0.0551673,0.93443,1.61052e-13,1.32926e-09,3.24782e-10
9.86237e-15,3.52591e-05,2.24601e-08,1.2672e-12,0.000570563,8.87068e-11,0.0274653,0.971921,7.81497e-06,8.00966e-09
1.93904e-06,1.37131e-14,4.67738e-05,0.00743755,5.20525e-11,1.67708e-07,0.000706433,5.49333e-11,0.986105,0.00570228
2.8553e-15,3.19279e-12,7.77875e-05,0.0388123,8.43171e-10,0.960941,2.65707e-15,3.39303e-11,9.24816e-12,0.000168849
1.24764e-07,2.31552e-13,4.14154e-16,3.21781e-14,3.68164e-08,2.6339e-05,0.00146269,2.12599e-06,4.88863e-10,0.998509
9.62386e-10,1.31853e-07,5.90131e-08,4.25024e-08,0.798362,2.25255e-13,2.56499e-07,0.201637,5.62092e-07,6.199e-10
