0.404805238,0.032042617,0.235036313,0.055332043,0.036116583,0.071256245,0.041248078,0.026456626,0.059572013,0.038134246
0.037094101,0.050723909,0.041638325,0.046088344,0.465284269,0.037281906,0.033807935,0.109038699,0.055790551,0.123251961
0.000000000,0.999985669,0.000000015,0.000000028,0.000000018,0.000000022,0.000000022,0.000011097,0.000002265,0.000000863
0.003662221,0.003926482,0.021449727,0.913636816,0.001483934,0.038649796,0.001059483,0.000829130,0.013580593,0.001721816
0.031560447,0.238916902,0.038511731,0.084954618,0.064755152,0.046809701,0.219394317,0.078513880,0.086350576,0.110232677
0.049920872,0.036719838,0.086284014,0.107602308,0.042126675,0.031085073,0.022112094,0.029173661,0.547601121,0.047374344
0.035818945,0.388664881,0.086736348,0.038612637,0.130438543,0.033365785,0.030759681,0.117911816,0.097255038,0.040436325
0.048676593,0.025630988,0.634760734,0.066412364,0.017709369,0.018973790,0.017527079,0.098253719,0.041666814,0.030388550
0.023239074,0.006204295,0.009146624,0.065147937,0.004889973,0.864651088,0.005715334,0.003357425,0.011162622,0.006485630
0.033967164,0.021664807,0.047979976,0.160088691,0.086013668,0.026099124,0.019300311,0.437170611,0.052582756,0.115132892
0.003435466,0.003144459,0.009810179,0.894425669,0.004473731,0.056583170,0.001326962,0.002361321,0.013003804,0.011435239
0.006963452,0.017886090,0.772953957,0.033635758,0.009028255,0.004387128,0.006391713,0.116456653,0.024170848,0.008126146
0.022773376,0.408707944,0.074221645,0.079376001,0.067480169,0.040565423,0.026739804,0.063855727,0.180750878,0.035529035
0.001381689,0.001742930,0.013240886,0.956068520,0.000638321,0.023159927,0.000980117,0.000325688,0.002058480,0.000403443
0.620045609,0.014976238,0.132785165,0.041972657,0.020027585,0.042325892,0.042898652,0.021466694,0.052550026,0.010951482
0.000939547,0.004494953,0.003421937,0.028165955,0.001055757,0.002438418,0.000637724,0.001672942,0.955309483,0.001863284
0.074873013,0.056315620,0.136653627,0.138231785,0.052843306,0.104189613,0.039921421,0.049105943,0.220397075,0.127468597
0.000000452,0.998631807,0.000000712,0.000001104,0.000000474,0.000000521,0.000003579,0.001134941,0.000162995,0.000063415
0.031863224,0.024166705,0.052539447,0.208507993,0.024088777,0.074466787,0.019423497,0.018907119,0.520653840,0.025382610
0.115229381,0.042621878,0.182933444,0.071891822,0.253326333,0.083632601,0.061338587,0.055873597,0.056754420,0.076397937
0.017178630,0.013135943,0.020701716,0.069094601,0.024012864,0.008594126,0.005360515,0.771625436,0.008487821,0.061808348
0.000000005,0.999841562,0.000000035,0.000000025,0.000059337,0.000000018,0.000000532,0.000001289,0.000097010,0.000000188
0.124288624,0.042054144,0.089025999,0.164814875,0.072590288,0.271606954,0.035470528,0.053952931,0.090342510,0.055853148
0.041575091,0.033943657,0.061300417,0.317913620,0.058079488,0.083071322,0.020105790,0.088395533,0.167799095,0.127815987
0.264447760,0.042109999,0.202670335,0.094127185,0.071323287,0.114798475,0.051904486,0.048341661,0.070367727,0.039909085
0.193413833,0.064241267,0.122847522,0.103781409,0.089470633,0.080609201,0.082906457,0.039865065,0.175861996,0.047002617
0.000009452,0.998202736,0.000012289,0.000018715,0.000021725,0.000013378,0.000019995,0.001560384,0.000049226,0.000092099
0.049417670,0.041925438,0.115880552,0.044251887,0.372095991,0.064579423,0.050279548,0.088131976,0.066495582,0.106941933
0.000717333,0.000479335,0.000880975,0.981035390,0.000259588,0.013184047,0.000072646,0.000111764,0.002907621,0.000351300
0.012260907,0.005864703,0.006286034,0.014209026,0.079098820,0.036312117,0.826605416,0.007544353,0.005302598,0.006516027
0.001935769,0.010703885,0.002051079,0.004221137,0.001516429,0.000787997,0.000986018,0.974329469,0.001193445,0.002274771
0.062776507,0.010707934,0.023851064,0.015020231,0.061568828,0.154323565,0.626323493,0.017523922,0.014828235,0.013076222
0.542002695,0.029680763,0.115585489,0.048861954,0.031760895,0.066781744,0.040320292,0.025431817,0.059786057,0.039788294
0.313275937,0.040361750,0.189508168,0.100789989,0.044570090,0.107797060,0.051255099,0.040044374,0.066930849,0.045466682
0.000328066,0.971463027,0.001489115,0.000759599,0.001628148,0.000470293,0.000377811,0.001354329,0.020135496,0.001994117
0.003045319,0.004321202,0.009592415,0.015551143,0.004198682,0.003096463,0.002055609,0.902779880,0.007600696,0.047758590
0.000165874,0.983257429,0.001544490,0.000462656,0.000489586,0.000174709,0.000639958,0.000817350,0.012267799,0.000180149
0.052360083,0.056350903,0.182419834,0.261400315,0.072766739,0.058012496,0.035479496,0.073658860,0.129817823,0.077733451
0.045380799,0.044836406,0.048826149,0.053399325,0.419959203,0.082146470,0.053467522,0.079295874,0.063177454,0.109510798
0.013160813,0.007300225,0.003013878,0.537978216,0.000423356,0.433197435,0.000906774,0.000750343,0.001841737,0.001427224
0.000000000,0.999978107,0.000000023,0.000000025,0.000000018,0.000000018,0.000000089,0.000012533,0.000008272,0.000000915
0.052282776,0.065972062,0.398711338,0.145485305,0.047837023,0.061481277,0.038632736,0.080627148,0.072960247,0.036010089
0.256862285,0.038535307,0.203887155,0.140154295,0.042652906,0.104500905,0.061301157,0.035274058,0.070974521,0.045857410
0.000193581,0.978515630,0.000248755,0.001565193,0.000481949,0.000192765,0.000343705,0.016248784,0.000805485,0.001404153
0.364570702,0.038824374,0.146199404,0.087289260,0.050940653,0.075862693,0.081077724,0.036550682,0.074578870,0.044105639
0.180889041,0.040324432,0.183594033,0.095875992,0.167200976,0.079165437,0.055304009,0.057619399,0.070904429,0.069122252
0.026367557,0.017492290,0.077870919,0.694966622,0.018249832,0.042418415,0.014503894,0.016834345,0.061354906,0.029941221
0.037745520,0.051303033,0.466655300,0.121119348,0.053353664,0.036695176,0.033831987,0.122267169,0.036755131,0.040273672
0.613691761,0.027797309,0.030920918,0.083506459,0.024025151,0.101597102,0.049539274,0.020664868,0.026371231,0.021885927
0.000002699,0.000040650,0.000005984,0.000700640,0.000011440,0.999153832,0.000003499,0.000003249,0.000006388,0.000071619
0.000399453,0.011322790,0.000908827,0.001097649,0.001924943,0.000443106,0.000574088,0.967565615,0.000920789,0.014842741
0.006059052,0.011723551,0.855788705,0.020858364,0.007063330,0.010588386,0.005732646,0.026235484,0.048676369,0.007274113
0.000929795,0.018382254,0.005289078,0.005337780,0.005847616,0.007732905,0.001040241,0.909716735,0.006127688,0.039595907
0.000193219,0.000147560,0.000044579,0.001505660,0.000097635,0.001476998,0.996184782,0.000105024,0.000130181,0.000114362
0.000004627,0.000021260,0.000390167,0.005804989,0.000086148,0.000146440,0.000042899,0.000036926,0.992878399,0.000588146
0.089781954,0.018919458,0.040346257,0.026171007,0.044198500,0.138634230,0.019040332,0.429810286,0.024117726,0.168980249
0.000000169,0.999620208,0.000000381,0.000000329,0.000000856,0.000000187,0.000000138,0.000048470,0.000326283,0.000002979
0.992681192,0.000258003,0.000314597,0.000530153,0.000303176,0.000468455,0.004351308,0.000326182,0.000501204,0.000265730
0.069010395,0.030865176,0.067320331,0.109730539,0.102539257,0.060715812,0.041155639,0.344351384,0.062502267,0.111809201
0.824123151,0.010951525,0.066700328,0.013323045,0.009812664,0.017709879,0.007326019,0.007277751,0.030746385,0.012029253
0.000015921,0.001227959,0.000052009,0.000046587,0.987185076,0.000030149,0.000352743,0.009266450,0.000308741,0.001514365
0.011412476,0.015033271,0.012785771,0.020904166,0.037041482,0.006244059,0.005186945,0.794415336,0.007163608,0.089812886
0.005860466,0.016086801,0.083088695,0.020913901,0.015283562,0.004615740,0.002721580,0.827215892,0.006393705,0.017819657
0.058726373,0.028586452,0.037357480,0.055291642,0.256618927,0.038554220,0.026663418,0.252454992,0.035671017,0.210075477
0.130893242,0.039386597,0.340110495,0.126986063,0.047783207,0.110896331,0.035432864,0.058621481,0.067987378,0.041902343
0.140187050,0.038752408,0.674378420,0.033034996,0.017502611,0.022462808,0.023085259,0.013107800,0.021105037,0.016383611
0.023101856,0.008051392,0.024677379,0.100895112,0.007702553,0.785393735,0.015978567,0.007660024,0.015008925,0.011530457
0.034446748,0.007383051,0.015860609,0.012198453,0.039291991,0.047389403,0.818578555,0.005930365,0.010594765,0.008326060
0.017422952,0.027242630,0.055753422,0.117664922,0.050299933,0.016263335,0.033138661,0.625574096,0.029805857,0.026834192
0.000639161,0.001397159,0.000566547,0.965728136,0.000811668,0.002877885,0.000455408,0.001377026,0.011394959,0.014752052
0.071288961,0.048377563,0.093264875,0.162797520,0.069065261,0.078433880,0.056142410,0.042777188,0.294234290,0.083618052
0.088391711,0.015958505,0.026449101,0.022968040,0.018664993,0.166755627,0.615256430,0.012552114,0.016872541,0.016130938
0.020799058,0.012827229,0.019351163,0.188576188,0.022015702,0.589277203,0.015515258,0.023299600,0.063045202,0.045293398
0.000002600,0.995038790,0.000005192,0.000200671,0.000004454,0.000006658,0.000325416,0.000016335,0.004396526,0.000003358
0.086657639,0.035185081,0.181493635,0.115950510,0.133886081,0.053067038,0.047540818,0.136924557,0.068760051,0.140534591
0.003944588,0.010171026,0.008926388,0.018173134,0.030224937,0.026116045,0.002892660,0.772456306,0.009202013,0.117892903
0.000239438,0.003706564,0.000372227,0.003076040,0.000173957,0.002111675,0.000189916,0.913126807,0.000330449,0.076672927
0.004922019,0.002961208,0.003369644,0.043017056,0.004937508,0.903918374,0.011492418,0.002780943,0.003577982,0.019022848
0.000066273,0.000032495,0.000918997,0.988202325,0.000076547,0.008740650,0.000048152,0.000078783,0.001613759,0.000222020
0.293273490,0.037513858,0.242245047,0.088478685,0.049045239,0.086603239,0.040363671,0.044742856,0.067044150,0.050689766
0.047396745,0.026109892,0.059289789,0.122154960,0.030908003,0.095627851,0.021082366,0.021284615,0.546514778,0.029631001
0.026456668,0.070604548,0.030123588,0.180834164,0.134423464,0.059566110,0.032169678,0.074367048,0.262703438,0.128751294
0.050175249,0.024602476,0.020720342,0.105579238,0.015372589,0.608604185,0.021607147,0.028999715,0.026990202,0.097348857
0.002349190,0.016369955,0.004289437,0.005302434,0.039620092,0.003951778,0.003635646,0.825607376,0.003599391,0.095274700
0.011527649,0.001363558,0.002942549,0.009667639,0.001226067,0.964855351,0.001610158,0.000774634,0.004511156,0.001521239
0.023707907,0.006389098,0.881142934,0.012877405,0.005672240,0.005539989,0.006226492,0.021146333,0.031658893,0.005638711
0.010162874,0.017582506,0.019237663,0.022647548,0.024199987,0.027300352,0.010367107,0.087740612,0.051620706,0.729140643
0.108064808,0.020979969,0.042636533,0.062311296,0.131123931,0.471651340,0.064275784,0.017982051,0.046476192,0.034498095
0.000012127,0.000013977,0.000338706,0.006298318,0.000034325,0.991958851,0.000027709,0.000048986,0.000408131,0.000858869
0.049210061,0.025198759,0.670892145,0.076449394,0.021620432,0.021020537,0.022967803,0.033022817,0.060734344,0.018883708
0.015961676,0.030976300,0.041468735,0.472427555,0.007258486,0.357134923,0.014326522,0.020554898,0.026415948,0.013474956
0.026110464,0.058313879,0.757997032,0.042356660,0.016610760,0.021816749,0.017060813,0.013135713,0.035634512,0.010963419
0.176181335,0.047587092,0.126422623,0.095068169,0.212478584,0.080767311,0.052034575,0.070999341,0.062878242,0.075582726
0.001014107,0.001843171,0.013161673,0.000681948,0.004262738,0.003849044,0.001427736,0.000402349,0.972480844,0.000876388
0.156374899,0.030106048,0.083164906,0.060590588,0.050926591,0.066412239,0.293993426,0.021017196,0.208988431,0.028425676
0.033824327,0.035546615,0.743296244,0.039771681,0.027590438,0.019877990,0.017522129,0.024331050,0.047301335,0.010938191
0.836012282,0.006355314,0.098389544,0.006236008,0.007575892,0.010063270,0.010370797,0.007980696,0.010187377,0.006828820
0.000054958,0.990697915,0.000065701,0.000595451,0.000126759,0.000240188,0.006057512,0.001051350,0.000932344,0.000177822
0.035575750,0.219485915,0.072518147,0.049459835,0.226459617,0.034757563,0.032692275,0.162643955,0.121407838,0.044999105
0.059154056,0.043944030,0.442368667,0.065610680,0.054827409,0.083424385,0.038545132,0.095302478,0.082273364,0.034549798
0.999999700,0.000000018,0.000000049,0.000000045,0.000000024,0.000000063,0.000000028,0.000000024,0.000000027,0.000000021
0.003091319,0.006362829,0.008290354,0.004980658,0.015464641,0.001418318,0.001759942,0.920105951,0.002595143,0.035930847
0.000026298,0.000097171,0.000040624,0.000653309,0.000544837,0.000055167,0.000030021,0.005086974,0.000224396,0.993241204
0.000137046,0.000959029,0.000837908,0.985539402,0.000260622,0.000209700,0.000113484,0.002224735,0.000787164,0.008930910
0.000214307,0.001111627,0.000275040,0.003044131,0.021638536,0.000507826,0.000206921,0.042891428,0.006654033,0.923456151
0.065781997,0.122170135,0.051853161,0.038672310,0.402149496,0.040198627,0.040079164,0.103202327,0.062998871,0.072893911
0.009708200,0.005007919,0.004762420,0.011137079,0.004345062,0.019435593,0.007036303,0.003605030,0.903064847,0.031897547
0.033911338,0.130486760,0.287780998,0.145314196,0.038160483,0.071307901,0.033816883,0.099184466,0.128650730,0.031386245
0.027269426,0.021960945,0.111614206,0.056785115,0.046221271,0.018259224,0.011378656,0.640174154,0.022967814,0.043369190
0.031599693,0.035634237,0.158356695,0.442923898,0.018778785,0.195326780,0.020525884,0.018232061,0.045999132,0.032622835
0.000000000,0.999992480,0.000000040,0.000000021,0.000006601,0.000000017,0.000000242,0.000000319,0.000000227,0.000000052
0.016527855,0.019583712,0.252733700,0.059457812,0.036210488,0.026595137,0.012559630,0.523866905,0.020128866,0.032335895
0.066073596,0.043207418,0.113473840,0.248324912,0.053327108,0.108455424,0.044642452,0.056372097,0.213223337,0.052899815
0.145617016,0.040695180,0.100247270,0.213612329,0.044290752,0.242203831,0.043166470,0.048159261,0.074436933,0.047570957
0.066161289,0.031164871,0.088980602,0.103765465,0.131599145,0.063868059,0.031738016,0.161550969,0.112554265,0.208617319
0.000000948,0.999054868,0.000001208,0.000002099,0.000001283,0.000001496,0.000042479,0.000833121,0.000011871,0.000050627
0.102184999,0.028463296,0.077820904,0.137167892,0.033914035,0.400069927,0.033872010,0.060859431,0.064696489,0.060951016
0.000339020,0.008377079,0.000601924,0.000699146,0.000819328,0.000484072,0.000323004,0.984222049,0.000519128,0.003615249
0.115422185,0.048539755,0.144649678,0.102766405,0.158363562,0.081941954,0.051943539,0.100212693,0.081128714,0.115031516
0.024009360,0.005873562,0.009811965,0.062968559,0.009768047,0.843434246,0.007451555,0.003301127,0.027130045,0.006251533
0.029789062,0.038062813,0.075251832,0.062648592,0.031982610,0.157410162,0.045795730,0.048931226,0.463663078,0.046464894
0.025856113,0.052765071,0.038211558,0.036495131,0.546082455,0.022991251,0.025311809,0.105239383,0.030761482,0.116285748
0.008432765,0.002576875,0.002846950,0.009165426,0.002216865,0.951057441,0.004651417,0.001749180,0.003876564,0.013426516
0.071283809,0.042832814,0.109858921,0.244577614,0.043485497,0.137764127,0.047027283,0.035758862,0.215755612,0.051655463
0.000014698,0.000094402,0.000040235,0.000065457,0.000465368,0.000003578,0.000006322,0.046362281,0.000068920,0.952878741
0.047074662,0.081225224,0.373534331,0.191458592,0.043123034,0.039111797,0.022064420,0.066453595,0.087942291,0.048012055
0.636210843,0.018940405,0.104217313,0.045482120,0.021693448,0.056124622,0.030880905,0.017750254,0.051476479,0.017223611
0.056334954,0.087457416,0.438814576,0.088711583,0.031561795,0.023956388,0.019273500,0.110573852,0.094832892,0.048483044
0.016718825,0.013987201,0.018708161,0.093089238,0.010140133,0.046496000,0.027967684,0.007577992,0.749568486,0.015746279
0.999934306,0.000013140,0.000013329,0.000000982,0.000000366,0.000001159,0.000032902,0.000000636,0.000001024,0.000002156
0.998953417,0.000006933,0.000006474,0.000005306,0.000002694,0.000013729,0.000935158,0.000012061,0.000010408,0.000053820
0.069446569,0.021321006,0.059549050,0.026136125,0.040305890,0.118757330,0.568904714,0.017220400,0.055082592,0.023276324
0.212625667,0.045030911,0.144235271,0.176057701,0.052536944,0.132689886,0.055134842,0.041906070,0.083575354,0.056207355
0.000000885,0.000000546,0.000000329,0.000389018,0.000000146,0.000012225,0.000000114,0.000000501,0.999589165,0.000007071
0.050923338,0.016354965,0.038336296,0.019077948,0.047730542,0.139953663,0.611876709,0.017923320,0.032993219,0.024830001
0.998481178,0.000002542,0.000681624,0.000006066,0.000038288,0.000012599,0.000361423,0.000033607,0.000238473,0.000144201
0.005630704,0.008857279,0.007769797,0.009280898,0.008973698,0.013493644,0.004537482,0.003303763,0.917284472,0.020868263
0.045934427,0.035586473,0.085520776,0.080054392,0.262515953,0.062827272,0.046172005,0.069841182,0.118854209,0.192693311
0.157378882,0.041903874,0.180615569,0.171425149,0.053311178,0.120690432,0.050227972,0.045668980,0.122319758,0.056458206
0.238211934,0.048531681,0.205657682,0.140927225,0.052551582,0.113931779,0.047722847,0.038328954,0.070956102,0.043180215
0.010580014,0.029726812,0.021117445,0.028136255,0.244383670,0.025808199,0.028745161,0.234955949,0.054040337,0.322506159
0.057554525,0.035589086,0.142423648,0.188738256,0.052383705,0.060101729,0.058805217,0.034307571,0.311486971,0.058609292
0.000012592,0.996653797,0.000028680,0.000028119,0.000032566,0.000014217,0.000013836,0.000037093,0.003156570,0.000022530
0.001460372,0.008135167,0.001590175,0.001028322,0.966183797,0.002142568,0.007202676,0.005683061,0.002005024,0.004568838
0.080791004,0.048996902,0.110173291,0.104380178,0.061270190,0.068241827,0.220298348,0.098312568,0.157493059,0.050042634
0.001291126,0.000024476,0.000037432,0.000042608,0.000063138,0.997675907,0.000077841,0.000061237,0.000055881,0.000670353
0.537421364,0.029398037,0.133840721,0.039414779,0.034124455,0.062917538,0.084764790,0.018608779,0.039076281,0.020433258
0.978223970,0.000017593,0.000091129,0.000210906,0.000379930,0.000551999,0.019073198,0.000022618,0.001280921,0.000147736
0.000046790,0.000445401,0.000116617,0.007168294,0.000878388,0.001532567,0.000066612,0.006264410,0.000397773,0.983083150
0.064640408,0.056587440,0.143208812,0.224948781,0.046313123,0.101052710,0.032180908,0.055219096,0.216802661,0.059046061
0.000544721,0.000382377,0.005705773,0.990564335,0.000311079,0.001070929,0.000186935,0.000342922,0.000591139,0.000299789
0.058978650,0.019124341,0.083717169,0.619821227,0.016142508,0.131418538,0.014262788,0.010401687,0.029144637,0.016988456
0.001082577,0.000635001,0.002280802,0.001782076,0.013295751,0.014365466,0.963392903,0.001014466,0.000908848,0.001242110
0.001777547,0.012803049,0.005383736,0.002949897,0.919815418,0.002261094,0.005511550,0.009234751,0.006548967,0.033713992
0.000264500,0.000101197,0.000020272,0.000047303,0.000018903,0.999397957,0.000016317,0.000002595,0.000103445,0.000027510
0.014930953,0.031544276,0.023873832,0.051912525,0.147941540,0.024335225,0.016486793,0.404878238,0.046874822,0.237221797
0.000000555,0.999404151,0.000001557,0.000001424,0.000000864,0.000001425,0.000004931,0.000038495,0.000005360,0.000541239
0.000945053,0.963825761,0.001726561,0.002287412,0.002906846,0.000867793,0.000701904,0.003134906,0.022520084,0.001083678
0.144650057,0.061381463,0.472255984,0.095528537,0.029428459,0.047863355,0.032084428,0.034951775,0.054750032,0.027105910
0.007606738,0.014747349,0.044054591,0.018324743,0.010863570,0.003356280,0.002795730,0.876460505,0.007800678,0.013989816
0.999652558,0.000008250,0.000001507,0.000000410,0.000000170,0.000000603,0.000334828,0.000000420,0.000000573,0.000000682
0.007844595,0.030200907,0.008784469,0.010821774,0.011018601,0.004490051,0.004130220,0.893064459,0.005986234,0.023658690
0.817465775,0.011097499,0.081446801,0.013935898,0.008880088,0.021260606,0.010108000,0.006581351,0.013721466,0.015502516
0.098575986,0.053898064,0.069723949,0.064499877,0.295215590,0.075554277,0.059917275,0.069566041,0.050833848,0.162215094
0.037478555,0.035766348,0.057559693,0.094941980,0.044069531,0.485566700,0.082408947,0.029869219,0.052570056,0.079768970
0.005020006,0.802372710,0.016546079,0.018858842,0.009125584,0.005772026,0.005574771,0.013540826,0.115670075,0.007519081
0.005022302,0.003851322,0.005174950,0.015008711,0.003544118,0.905870890,0.002167266,0.004700305,0.006276217,0.048383917
0.017517084,0.031615244,0.027862081,0.218445903,0.021641107,0.024746181,0.009671503,0.117988054,0.105622630,0.424890213
0.630986148,0.017030694,0.038353264,0.028806461,0.021870249,0.114204184,0.098320207,0.011832301,0.021265398,0.017331094
0.000047203,0.987347655,0.000112780,0.000880858,0.000215939,0.000082873,0.000041082,0.001213156,0.009424925,0.000633529
0.008379974,0.005648143,0.048508548,0.608413178,0.004189953,0.289797274,0.005587674,0.005493037,0.018463808,0.005518411
0.024292667,0.018825721,0.021370857,0.017214413,0.280653139,0.029215346,0.016005377,0.095031741,0.019761844,0.477628896
0.000000270,0.999181879,0.000077997,0.000001166,0.000000390,0.000002140,0.000056443,0.000056960,0.000003750,0.000619005
0.009552240,0.000717240,0.001574910,0.009377415,0.000416327,0.972687710,0.001889778,0.000397365,0.000715662,0.002671353
0.058571068,0.050418872,0.063500215,0.042392820,0.285008442,0.051141022,0.038940639,0.224692795,0.052450323,0.132883805
0.057736445,0.034068518,0.040548437,0.043396674,0.425918432,0.165900174,0.028386227,0.063459539,0.050412971,0.090172584
0.993263342,0.000636505,0.000452073,0.000348182,0.000418834,0.000403059,0.002321024,0.000167325,0.000131931,0.001857724
0.201661452,0.037972754,0.131011043,0.170524244,0.044689862,0.199695232,0.048605901,0.039461537,0.078101946,0.048276031
0.012347062,0.020828766,0.011311465,0.089149724,0.013918793,0.740626702,0.030218383,0.011284820,0.050141135,0.020173150
0.004169480,0.002767639,0.026163175,0.921617097,0.001797464,0.023919401,0.002400797,0.001911912,0.011892216,0.003360819
0.003056975,0.013936656,0.015977025,0.069280465,0.004677279,0.004410553,0.001805671,0.861919136,0.004757708,0.020178533
0.024133670,0.053996439,0.034359468,0.029658130,0.134759163,0.033419203,0.023880995,0.121603647,0.036182775,0.508006509
0.998076394,0.000007852,0.000801251,0.000025309,0.000014633,0.000830230,0.000146941,0.000023215,0.000057081,0.000017093
0.017364956,0.016598216,0.021916553,0.021374912,0.091176944,0.008476734,0.007445382,0.535950931,0.021003777,0.258691596
0.076636097,0.038536581,0.577855273,0.082406537,0.027224240,0.051590820,0.028432063,0.029775617,0.063245304,0.024297467
0.000147169,0.000105439,0.000492833,0.996414430,0.000078506,0.002334018,0.000017462,0.000043860,0.000280790,0.000085494
0.999551989,0.000023200,0.000003686,0.000001504,0.000004977,0.000001899,0.000397926,0.000001629,0.000001200,0.000011990
0.065155467,0.048813186,0.095425400,0.088798411,0.274075131,0.101123686,0.074652522,0.079442595,0.080241711,0.092271891
0.009039028,0.073701467,0.056575967,0.029635274,0.016232659,0.010440892,0.010728681,0.031835505,0.750649091,0.011161436
0.201251340,0.046292185,0.158185188,0.143411192,0.064041292,0.100332013,0.053303115,0.081131403,0.080862547,0.071189726
0.012609931,0.002549855,0.004679245,0.023122376,0.003913940,0.907316360,0.005520958,0.001304358,0.035500568,0.003482410
0.080381124,0.055774046,0.150344992,0.059319727,0.191238233,0.059220207,0.051262848,0.177209413,0.058734418,0.116514993
0.039753013,0.048638393,0.152760861,0.063649817,0.201616985,0.055167155,0.045711833,0.177750900,0.077771808,0.137179235
0.275700761,0.035765602,0.265542590,0.084079793,0.052898364,0.072548463,0.047688923,0.042324311,0.064072450,0.059378743
0.000915182,0.004449374,0.005251949,0.004136076,0.016261431,0.000541006,0.001179984,0.958517891,0.001642151,0.007104956
0.018709910,0.008066362,0.014775094,0.045619831,0.008683720,0.832137802,0.009275279,0.006310143,0.048334524,0.008087334
0.000000007,0.999842367,0.000009821,0.000000264,0.000000022,0.000000531,0.000003630,0.000031895,0.000011441,0.000100022
0.290856786,0.037218104,0.040597966,0.052191117,0.096964525,0.139835962,0.257064150,0.025732851,0.032226397,0.027312142
0.034592111,0.249512150,0.083725836,0.048934112,0.107521227,0.035590600,0.051440878,0.137252238,0.207846622,0.043584224
0.032408539,0.025630908,0.050752096,0.037798459,0.075892660,0.020396275,0.022451143,0.369485614,0.052080134,0.313104171
0.011845365,0.005877089,0.011808503,0.011253271,0.732585246,0.010087177,0.015081896,0.019073876,0.012596876,0.169790702
0.007790180,0.020928461,0.009914964,0.068573210,0.026882458,0.017442756,0.006076223,0.800949203,0.016410345,0.025032199
0.241666535,0.045036075,0.162208800,0.133646239,0.075416775,0.105158058,0.058732492,0.053466458,0.071717553,0.052951014
0.999997984,0.000000435,0.000000103,0.000000273,0.000000035,0.000000039,0.000000920,0.000000083,0.000000031,0.000000097
0.033447529,0.028563263,0.098312988,0.437774099,0.045219764,0.076924480,0.027598111,0.029540500,0.163752612,0.058866656
0.168486583,0.040992245,0.333476201,0.097775453,0.060221712,0.083398159,0.043763503,0.055132474,0.070510450,0.046243220
0.090600718,0.051942618,0.064746425,0.076664444,0.181439023,0.104141584,0.313774276,0.044216335,0.036689903,0.035784674
0.027910243,0.076218002,0.591756841,0.049713639,0.032089588,0.031208347,0.060987108,0.027312363,0.071326137,0.031477731
0.031226066,0.029777494,0.053828530,0.091308958,0.027179198,0.500909829,0.035956254,0.023290220,0.172878452,0.033644999
0.000003025,0.000004402,0.000017100,0.001708506,0.000001575,0.997803457,0.000030263,0.000004887,0.000354953,0.000071832
0.036542843,0.032563439,0.410859581,0.112139526,0.061242270,0.062146930,0.028387725,0.032768024,0.196190300,0.027159361
0.027514334,0.039821472,0.018603259,0.027740769,0.017545707,0.691123277,0.079882172,0.011957489,0.048980865,0.036830656
0.262084936,0.033840834,0.398593186,0.045124087,0.054294514,0.036553014,0.056257871,0.027974255,0.060022059,0.025255243
0.000000042,0.999749494,0.000000118,0.000000107,0.000023705,0.000000059,0.000000769,0.000000523,0.000213567,0.000011616
0.017599108,0.033317375,0.047271318,0.034736440,0.280260251,0.026044455,0.022555715,0.127326572,0.046300009,0.364588756
0.037782723,0.057181040,0.042653670,0.036340422,0.256449137,0.026263388,0.037590580,0.176683000,0.059959727,0.269096312
0.104807231,0.050668271,0.084195832,0.079293400,0.095971759,0.107511873,0.034592244,0.267593036,0.070486060,0.104880296
0.021405455,0.016322329,0.071427661,0.558005035,0.018995185,0.149593312,0.012526309,0.027183976,0.093438317,0.031102420
0.000119495,0.000097250,0.000349512,0.000563270,0.000156857,0.000206425,0.001992096,0.000109470,0.996282580,0.000123043
0.001954139,0.021581031,0.009951283,0.031424111,0.046465812,0.002531235,0.003197861,0.758882619,0.009916697,0.114095213
0.000000833,0.999108650,0.000002000,0.000000882,0.000001615,0.000000776,0.000001627,0.000001382,0.000881797,0.000000438
0.016983416,0.006084152,0.955763293,0.005932031,0.001743784,0.002430802,0.002291115,0.002501594,0.004428850,0.001840963
0.997448957,0.000339451,0.000512232,0.000026886,0.000024903,0.000052221,0.001357051,0.000048116,0.000118777,0.000071407
0.111824181,0.042346526,0.644523725,0.057573570,0.022580057,0.026874043,0.021223499,0.020441308,0.030957342,0.021655750
0.101142345,0.011957987,0.031526674,0.734297043,0.008377824,0.015528774,0.007405779,0.012759317,0.055647978,0.021356278
0.002051293,0.002568507,0.005930539,0.048978257,0.003054736,0.919728114,0.002134263,0.001578642,0.010705605,0.003270044
0.177823006,0.046030548,0.395266795,0.067246964,0.065847854,0.075425329,0.045559975,0.032182746,0.066726376,0.027890408
0.511581095,0.024957502,0.118434856,0.067484438,0.027888656,0.092393368,0.034352674,0.027508907,0.057404359,0.037994146
0.875069841,0.005407202,0.042240467,0.017875998,0.005580837,0.014308730,0.013263250,0.004370085,0.019098558,0.002785032
0.000550046,0.000603513,0.000445892,0.007761054,0.000514922,0.000137234,0.000085695,0.892682278,0.000156404,0.097062962
0.210125653,0.041780748,0.128916118,0.158293945,0.054130710,0.185773037,0.061521753,0.038013810,0.075827455,0.045616770
0.846145426,0.007201489,0.050464715,0.014339475,0.009730267,0.014996430,0.028612275,0.006517309,0.017349282,0.004643331
0.000422255,0.005733271,0.000663275,0.000828279,0.000506587,0.000236502,0.000314111,0.989727079,0.000426498,0.001142143
0.000000000,0.000000000,0.000000000,0.000000000,0.000000000,0.999999808,0.000000017,0.000000021,0.000000087,0.000000068
0.007683880,0.000565708,0.984626988,0.001295800,0.000647351,0.000491065,0.000848412,0.000746823,0.002372725,0.000721248
0.056103982,0.040715756,0.087113109,0.265969848,0.078763918,0.218041745,0.028114987,0.045370978,0.107050809,0.072754867
0.006017371,0.004448540,0.017860490,0.114270011,0.005720473,0.010038773,0.004441611,0.003592814,0.825758060,0.007851858
0.083512432,0.031006277,0.064441213,0.187165839,0.033331248,0.439911383,0.036108016,0.033243883,0.044093080,0.047186628
0.110147004,0.047593118,0.164834438,0.259084134,0.053087217,0.137609536,0.046159633,0.039809623,0.090628387,0.051046910
0.037009652,0.047035218,0.123865975,0.106302523,0.099172112,0.080867853,0.036177365,0.164271788,0.044871722,0.260425792
0.088600847,0.077981351,0.396456813,0.089351708,0.035789530,0.098002049,0.062739680,0.028382533,0.092202596,0.030492895
0.109250249,0.039650408,0.420378418,0.115800695,0.035201899,0.065147855,0.054924127,0.028119540,0.098258214,0.033268596
0.001254425,0.000143536,0.000330444,0.000105760,0.003482514,0.000048819,0.994289286,0.000066918,0.000078241,0.000200058
0.424865081,0.031005972,0.279188490,0.065032253,0.022984571,0.046094176,0.035631334,0.018957942,0.046805782,0.029434399
0.000001494,0.998862072,0.000003117,0.000003022,0.000021489,0.000001597,0.000001933,0.000004792,0.000691964,0.000408520
0.000771327,0.000691951,0.000153039,0.002787247,0.000089807,0.994709836,0.000273972,0.000066071,0.000361677,0.000095073
0.024054198,0.005250830,0.915559935,0.019163853,0.005597417,0.004961338,0.003424335,0.006862466,0.010786829,0.004338799
0.067879202,0.013506257,0.032634351,0.157574755,0.012590460,0.658293829,0.016455878,0.010029477,0.019058960,0.011976831
0.002457357,0.001537576,0.031359192,0.947496439,0.001137226,0.006597732,0.000782259,0.001189406,0.005605263,0.001837551
0.000568326,0.000082344,0.000357495,0.000831034,0.000221794,0.992614831,0.000107607,0.000096891,0.004879930,0.000239748
0.048070187,0.028449357,0.160515095,0.449052297,0.040123338,0.100702066,0.024288227,0.026746091,0.083044986,0.039008355
0.026645589,0.021529684,0.836320956,0.024906076,0.003784605,0.004757809,0.002969523,0.006886615,0.066658938,0.005540204
0.229574833,0.043972496,0.103061085,0.112202971,0.080977482,0.098728707,0.039615942,0.061488284,0.165040025,0.065338175
0.715736748,0.016646983,0.040731814,0.035361182,0.021291890,0.040391290,0.033906260,0.018520599,0.032497080,0.044916154
0.070920852,0.023636295,0.053942557,0.176857680,0.030467890,0.536923671,0.027230113,0.019584034,0.028499755,0.031937153
0.000000000,0.999984308,0.000000034,0.000000035,0.000001301,0.000000018,0.000000012,0.000000095,0.000013970,0.000000227
0.485913080,0.032852501,0.057974327,0.052002714,0.030208734,0.131287578,0.114136167,0.026745717,0.040986719,0.027892464
0.004967545,0.010536858,0.001923077,0.001602651,0.024188544,0.001318283,0.001384384,0.868883071,0.001057178,0.084138409
0.004140575,0.014505766,0.006228457,0.040746966,0.004030952,0.002845190,0.002462653,0.792700184,0.004903619,0.127435638
0.114846983,0.043733102,0.385382632,0.197579809,0.011110539,0.058957633,0.026810932,0.014977089,0.132738577,0.013862704
0.028763799,0.016593369,0.031577783,0.071072227,0.017073536,0.647181737,0.016073937,0.022307270,0.116042472,0.033313871
0.000327800,0.000003373,0.000015833,0.000003015,0.000891114,0.000013818,0.998682303,0.000007009,0.000032893,0.000022843
0.243967740,0.046143395,0.189487445,0.157730695,0.045192458,0.112903759,0.049518269,0.037320778,0.070172222,0.047563239
0.002769378,0.002557899,0.004176121,0.023025908,0.003435104,0.945060563,0.001614860,0.002474831,0.003535208,0.011350129
0.000000251,0.000000080,0.000000082,0.000000082,0.000000067,0.000000152,0.999995761,0.000000063,0.000003394,0.000000069
0.045710388,0.022933265,0.735438719,0.051878780,0.013434242,0.028550682,0.010973482,0.042947644,0.031777307,0.016355490
0.072644084,0.021008998,0.108034615,0.061171905,0.062424587,0.128584763,0.471357948,0.019148511,0.031238877,0.024385712
0.000271502,0.001084858,0.003046428,0.980851013,0.000586731,0.001276361,0.000371304,0.000630859,0.010765037,0.001115909
0.207820876,0.042106108,0.185252440,0.115083284,0.067921926,0.127165131,0.055999029,0.066982972,0.065332239,0.066335995
0.305748164,0.038613782,0.163786813,0.084968486,0.051118661,0.099423122,0.120488038,0.031975588,0.065317987,0.038559358
0.238183969,0.042858240,0.211499323,0.105132755,0.046229545,0.141793920,0.048144447,0.047102564,0.071351775,0.047703463
0.279087788,0.034704590,0.162316362,0.123548104,0.048603873,0.124195743,0.079009852,0.029374684,0.081310316,0.037848688
0.000894498,0.961346181,0.002016583,0.004096778,0.000974190,0.001495274,0.000998691,0.008386103,0.016304416,0.003487287
0.006572777,0.098537522,0.021608680,0.040313523,0.024219936,0.008958142,0.006642448,0.133679732,0.032923281,0.626543958
0.043281818,0.063060904,0.077235603,0.039771431,0.361627438,0.060908882,0.045860422,0.141547321,0.068919099,0.097787081
0.221957064,0.042799215,0.137325278,0.168503057,0.056771162,0.117961765,0.053847343,0.047937965,0.087062923,0.065834229
0.012578796,0.001233199,0.003142674,0.020794632,0.000784671,0.956139330,0.001393095,0.000780109,0.001506682,0.001646813
0.124335650,0.011802287,0.027389896,0.046798781,0.021777519,0.594820750,0.019452324,0.017269015,0.120393969,0.015959810
0.000165233,0.000230426,0.002763815,0.975434724,0.000198012,0.011453858,0.000095679,0.000187394,0.008560204,0.000910655
0.452574731,0.031503689,0.128148541,0.075675921,0.037879156,0.080038031,0.049970755,0.031841025,0.072179101,0.040189052
0.000000000,0.999983818,0.000000028,0.000000027,0.000000291,0.000000022,0.000000046,0.000000475,0.000015221,0.000000071
0.008260123,0.008250381,0.013188111,0.008557747,0.286545757,0.019642770,0.012014834,0.077276654,0.011626562,0.554637060
0.000452416,0.005975566,0.000482680,0.000752761,0.000324495,0.000291459,0.000367638,0.986073399,0.000346872,0.004932715
0.016263395,0.071395491,0.018678303,0.030709841,0.647178814,0.024080694,0.035424461,0.054910223,0.045025137,0.056333641
0.000045488,0.000170510,0.000273953,0.000347829,0.003602526,0.001127142,0.000285524,0.000093604,0.993602924,0.000450499
0.000240824,0.012651153,0.000529116,0.001674886,0.000803596,0.000255901,0.000183649,0.968327497,0.000547032,0.014786344
0.115568301,0.047797455,0.078165347,0.160214804,0.207350958,0.076985419,0.053821646,0.075775244,0.078060240,0.106260587
0.009456783,0.004546665,0.007101225,0.086553683,0.004007046,0.838339992,0.011796590,0.004342303,0.006114362,0.027741351
0.000018419,0.000002679,0.000002192,0.000002221,0.000447611,0.000031949,0.999468206,0.000005557,0.000009528,0.000011638
0.000295519,0.961505577,0.000958683,0.001041952,0.002288259,0.000358979,0.000451654,0.006949693,0.025671609,0.000478074
0.206140743,0.040617284,0.126172774,0.190569235,0.052372502,0.131129894,0.046104075,0.052931351,0.089394412,0.064567729
0.017290852,0.022019231,0.018327158,0.048206168,0.019986362,0.019829252,0.008088271,0.786305440,0.009314299,0.050632967
0.173724208,0.023297201,0.038363640,0.036555979,0.072826245,0.067506820,0.492684113,0.021707599,0.049342088,0.023992108
0.004892964,0.010615392,0.006929095,0.015798963,0.170786366,0.012782078,0.005193085,0.088904049,0.027888005,0.656210003
0.110848885,0.052044851,0.106931033,0.109859181,0.071012561,0.174744532,0.160832073,0.037771391,0.108190594,0.067764898
0.018144209,0.004687734,0.004058663,0.053407137,0.004068922,0.892076678,0.010205079,0.002752989,0.006157289,0.004441300
0.208330064,0.042632772,0.188187014,0.085595492,0.141734915,0.078225389,0.069642999,0.050322964,0.071791716,0.063536676
0.000232876,0.000147259,0.000858824,0.024827543,0.000082274,0.971817955,0.000120265,0.000083536,0.000876962,0.000952507
0.140400085,0.045781096,0.183375723,0.113290530,0.034843288,0.169029302,0.036092880,0.038187705,0.198342969,0.040656420
0.013106220,0.023521786,0.023292094,0.027724127,0.250159271,0.017595331,0.014345908,0.180459031,0.033815566,0.415980667
0.257166186,0.042988885,0.161581271,0.140656960,0.052092459,0.101424547,0.060724863,0.043939260,0.094915532,0.044510039
0.123454644,0.058133055,0.168456797,0.113165743,0.103721180,0.104680289,0.047328142,0.061708828,0.153464528,0.065886795
0.346540966,0.040459330,0.112401549,0.111482151,0.064419755,0.087451753,0.059865580,0.047596797,0.071595835,0.058186284
0.000007156,0.996439750,0.000012145,0.000043808,0.000014341,0.000029384,0.000233551,0.001190431,0.000013881,0.002015552
0.129095779,0.053053594,0.140581158,0.135228015,0.105501598,0.127567821,0.045283826,0.107874119,0.080222875,0.075591216
0.000000070,0.000182893,0.000010300,0.000020620,0.000028097,0.000001595,0.000000484,0.999617236,0.000010080,0.000128624
0.123221136,0.039483411,0.189637260,0.050994526,0.129387709,0.071494297,0.236380023,0.050591378,0.059815714,0.048994546
0.049056852,0.045172916,0.089460969,0.214241423,0.049158434,0.120808660,0.039664361,0.054179593,0.293572783,0.044684009
0.989592529,0.000287368,0.000670663,0.000605092,0.000463626,0.003427901,0.004361927,0.000081399,0.000196868,0.000312626
0.449670276,0.032260573,0.145776149,0.070114876,0.037244535,0.075158074,0.049335247,0.031734872,0.068001349,0.040704048
0.999698878,0.000000327,0.000219090,0.000001644,0.000004269,0.000001685,0.000054363,0.000003666,0.000014008,0.000002069
0.050978280,0.023359562,0.731718489,0.058415585,0.016745680,0.044931030,0.011563894,0.020252555,0.027804761,0.014230163
0.006371510,0.830973014,0.009592921,0.027243724,0.014200384,0.014793129,0.029282268,0.023064486,0.016473930,0.028004635
0.000000000,0.999998658,0.000000020,0.000000034,0.000000076,0.000000022,0.000000021,0.000000645,0.000000461,0.000000063
0.083423402,0.036196226,0.071740499,0.124407596,0.128356923,0.076392266,0.039051796,0.119727900,0.083693611,0.237009781
0.113543048,0.051378694,0.254774370,0.140019189,0.035883471,0.068969184,0.036343492,0.170607622,0.081495120,0.046985811
0.019328344,0.027794292,0.031990291,0.067254247,0.174787298,0.026665025,0.016797606,0.287594576,0.077787891,0.270000431
0.000429172,0.000276116,0.001845948,0.988164545,0.000457954,0.007128185,0.000108925,0.000206848,0.001025604,0.000356704
0.373127872,0.032404569,0.159695703,0.081612632,0.043100032,0.105954109,0.060997159,0.036619297,0.069143673,0.037344953
0.125423876,0.032831489,0.085294102,0.179183541,0.030570686,0.366798265,0.042841227,0.029081805,0.062471118,0.045503891
0.000006636,0.995743821,0.000015062,0.000014287,0.002461296,0.000005373,0.000011382,0.000120832,0.001517353,0.000103960
0.000000002,0.999967517,0.000000038,0.000000040,0.000001605,0.000000021,0.000000016,0.000000130,0.000030239,0.000000392
0.111224873,0.050382656,0.194988862,0.071995708,0.189054679,0.088326287,0.081099396,0.059111837,0.075882551,0.077933152
0.987206766,0.000242392,0.001585085,0.003377662,0.000223454,0.000942094,0.003636234,0.000091583,0.002465643,0.000229089
0.175257339,0.035882312,0.188388239,0.173554830,0.050816858,0.122788836,0.045124656,0.048180539,0.103329371,0.056677021
0.015723487,0.745497249,0.052743540,0.034404611,0.025072420,0.012305875,0.011293193,0.019885873,0.036941060,0.046132691
0.010653257,0.013333933,0.008552227,0.007448186,0.110198513,0.003791821,0.003895037,0.540037442,0.007229363,0.294860221
0.000000000,0.999993659,0.000000018,0.000000022,0.000000017,0.000000020,0.000000034,0.000000542,0.000005653,0.000000034
0.000178456,0.981005362,0.000997061,0.000256066,0.000660402,0.000179428,0.000273147,0.001216640,0.015018610,0.000214827
0.987223826,0.000458016,0.000657026,0.001019490,0.000660685,0.000766740,0.007730821,0.000438418,0.000697807,0.000347171
0.099374161,0.021534140,0.670147563,0.052763516,0.018812471,0.016204407,0.016965451,0.043157225,0.046769304,0.014271762
0.029063012,0.006421483,0.006853800,0.012006817,0.042034744,0.010277518,0.878399548,0.004329125,0.005154396,0.005459558
0.917221542,0.004315687,0.038699809,0.005345919,0.004071254,0.005480549,0.017746217,0.002007918,0.003427782,0.001683323
