0.099002385,0.100280972,0.073827970,0.099894183,0.141889890,0.063279508,0.128279642,0.098734045,0.131624121,0.063187283
0.073186671,0.099531631,0.139560520,0.064687141,0.096843690,0.144171098,0.142979636,0.089002490,0.082410895,0.067626226
0.060990325,0.082207446,0.082054031,0.106091083,0.133385221,0.094801322,0.127336221,0.083434464,0.106799656,0.122900231
0.132572175,0.118358637,0.151496307,0.103904260,0.067405404,0.063686673,0.065126630,0.065641025,0.092139807,0.139669082
0.127627027,0.098545567,0.118356897,0.113388876,0.088607979,0.100423012,0.128435625,0.075779471,0.060420920,0.088414626
0.065842488,0.140090031,0.142737885,0.073363914,0.071762985,0.152408116,0.145779634,0.064956823,0.078438433,0.064619691
0.082250983,0.093858192,0.140530218,0.143870725,0.064049686,0.094344868,0.093146952,0.098167926,0.068742784,0.121037667
0.068288165,0.092880615,0.072423477,0.104185472,0.075070387,0.142330872,0.149449391,0.108652536,0.089579090,0.097139994
0.104835108,0.084537948,0.145490607,0.078981286,0.117631814,0.070681738,0.111014713,0.064437523,0.061823239,0.160566023
0.080231448,0.104156733,0.149926571,0.081888617,0.110385193,0.144768799,0.067785340,0.081175054,0.098194875,0.081487369
0.088597702,0.163745664,0.085422012,0.070252258,0.090359816,0.088130345,0.130220699,0.100691932,0.069123501,0.113456072
0.136492554,0.099803782,0.059993673,0.081536410,0.112894901,0.093514540,0.104447640,0.101717769,0.113787632,0.095811099
0.064210596,0.097211422,0.064697523,0.090845092,0.080357114,0.134290732,0.152280458,0.145976072,0.075866846,0.094264144
0.067164504,0.134317182,0.150506796,0.096735802,0.066456059,0.059891082,0.091321121,0.098222185,0.109956526,0.125428743
0.132845252,0.111973939,0.123569862,0.131271005,0.095866428,0.072823305,0.069701193,0.128449778,0.068926466,0.064572771
0.098368937,0.115011937,0.082258078,0.112681925,0.099887106,0.084540556,0.126524761,0.086721886,0.127604103,0.066400711
0.105843096,0.095198702,0.145675499,0.076783957,0.072377268,0.078223029,0.089839363,0.119706218,0.117501862,0.098851007
0.078176234,0.100573293,0.152068202,0.082203093,0.152343911,0.083797137,0.088199713,0.097542633,0.071884675,0.093211108
0.105709903,0.071424695,0.115998471,0.092615012,0.095239574,0.070018416,0.150194491,0.129290569,0.103164344,0.066344524
0.063342576,0.117130091,0.120080825,0.095283147,0.102846288,0.091949942,0.138356966,0.128595725,0.064416707,0.077997731
0.115401317,0.060470998,0.118956079,0.144459991,0.110906547,0.060438834,0.075940769,0.078570311,0.108527884,0.126327271
0.093514657,0.143198572,0.080872507,0.106957946,0.064231815,0.143252663,0.065863885,0.066690101,0.095958939,0.139458913
0.066601670,0.086022982,0.057197756,0.123434281,0.122406281,0.140221717,0.115198995,0.131858996,0.054621240,0.102436082
0.135143471,0.102452665,0.072981368,0.115334676,0.057544392,0.103684306,0.147183908,0.066238306,0.094453215,0.104983693
0.084651256,0.103512436,0.068834277,0.089626961,0.075306228,0.141523306,0.137408603,0.068221026,0.153498899,0.077417008
0.076457835,0.143352510,0.087382788,0.137722147,0.132219104,0.095225057,0.070910296,0.065088384,0.111200943,0.080440934
0.102261074,0.083090107,0.117841524,0.076919600,0.083406157,0.145919182,0.106724701,0.112326665,0.096916502,0.074594488
0.070794565,0.057184289,0.114963038,0.112179658,0.064853291,0.102603094,0.149584839,0.093048168,0.092326745,0.142462315
0.093179437,0.089271828,0.085610001,0.130396600,0.091471669,0.132541295,0.074369842,0.069037086,0.088330970,0.145791273
0.101716835,0.093643073,0.097446166,0.088441348,0.139065180,0.070483005,0.100334272,0.126384047,0.072969443,0.109516630
0.087068673,0.120300940,0.070173709,0.088062774,0.077765034,0.082574469,0.141615427,0.139503905,0.063212694,0.129722376
0.146233387,0.067666272,0.122717709,0.109327174,0.057671930,0.115395723,0.106535598,0.119306837,0.083341526,0.071803844
0.071545725,0.071967651,0.113914508,0.122912301,0.050765975,0.123100996,0.091190212,0.113250498,0.114308013,0.127044124
0.073373477,0.144241021,0.079909761,0.100233446,0.084494095,0.073710719,0.074387509,0.186612338,0.107155890,0.075881742
0.069438623,0.065979193,0.076350090,0.146950015,0.085029644,0.150830054,0.089678281,0.084848211,0.082134230,0.148761659
0.074183923,0.073435060,0.184587367,0.082977161,0.117579327,0.080491661,0.074357267,0.106460676,0.085811247,0.120116311
0.122705215,0.086146496,0.078535645,0.076713833,0.098671336,0.101006999,0.097558805,0.104472742,0.129359443,0.104829487
0.099592961,0.124503864,0.126554931,0.129700198,0.057545269,0.088143520,0.106705056,0.089490881,0.106312214,0.071451105
0.088528465,0.107585427,0.150016971,0.095459516,0.115144094,0.088035407,0.080067502,0.078456479,0.133287396,0.063418744
0.064413712,0.091037913,0.110228971,0.089280963,0.116610074,0.135052913,0.061562929,0.146405761,0.125110883,0.060295880
0.106338573,0.109492820,0.119234260,0.116294807,0.071422058,0.073744576,0.089752990,0.100535254,0.114506673,0.098677989
0.142987441,0.088691262,0.143474855,0.076077625,0.143792546,0.071658543,0.077908667,0.071553767,0.072066694,0.111788601
0.061661022,0.118488158,0.146060776,0.133656631,0.143047895,0.121594912,0.073988251,0.054275874,0.091833566,0.055392915
0.073612404,0.083941299,0.091954647,0.071425903,0.110535038,0.145268571,0.122684268,0.100458759,0.117497514,0.082621599
0.077052914,0.088193038,0.118787728,0.096222825,0.132321897,0.076680596,0.150889095,0.098205555,0.078001960,0.083644392
0.113950862,0.130284276,0.140244210,0.096569079,0.065176264,0.086324846,0.064631941,0.129866558,0.107416868,0.065535096
0.139425273,0.115425429,0.094452925,0.086478383,0.136538749,0.098567280,0.137660042,0.062020137,0.069268950,0.060162833
0.072606596,0.138128454,0.081473173,0.119638586,0.089904462,0.151885064,0.060590726,0.104073331,0.110491611,0.071207999
0.140048476,0.079414407,0.083008323,0.127996127,0.078084145,0.096686574,0.133856889,0.087349129,0.093700584,0.079855346
0.091422516,0.120936108,0.093317205,0.094125016,0.074231614,0.087019327,0.080441426,0.121714260,0.150966724,0.085825803
0.063444284,0.109013903,0.083783419,0.109253344,0.117429134,0.082467953,0.138114031,0.080718689,0.130651507,0.085123737
0.099249712,0.060117012,0.097833176,0.114748299,0.077177201,0.082252757,0.079555278,0.123237015,0.141794350,0.124035200
0.081696736,0.086010593,0.091683608,0.093450929,0.072284550,0.145565275,0.109047764,0.137892442,0.087599705,0.094768401
0.108360067,0.109712745,0.080490317,0.144794350,0.105230272,0.123708907,0.093635372,0.061436474,0.104788550,0.067842947
0.144273493,0.078376938,0.087506612,0.143998334,0.087946678,0.096159784,0.117344547,0.060033880,0.069567570,0.114792163
0.080317977,0.127650277,0.075366662,0.118807829,0.069567868,0.119211836,0.159372374,0.089845647,0.066026780,0.093832750
0.088244551,0.088240436,0.076360964,0.082948725,0.172628979,0.149704952,0.068023538,0.136286720,0.066971049,0.070590086
0.070241271,0.105431185,0.169038898,0.069041453,0.138636914,0.073968161,0.128161358,0.067197330,0.067329678,0.110953752
0.122695231,0.119889516,0.103760284,0.067606616,0.094906472,0.133997656,0.132393924,0.080841066,0.068047175,0.075862060
0.107295182,0.078723481,0.079332862,0.146257981,0.130480470,0.104812658,0.064914545,0.061977888,0.108998839,0.117206093
0.095421142,0.127620452,0.144790964,0.062958602,0.103428316,0.070653172,0.065568784,0.112703557,0.072988575,0.143866435
0.061990162,0.131644010,0.069118321,0.121361346,0.099034973,0.145030643,0.056471185,0.085278063,0.126965684,0.103105613
0.093007237,0.077699578,0.115759520,0.075025495,0.123174127,0.103107178,0.088094461,0.166923701,0.075291520,0.081917184
0.115967380,0.078608843,0.081395150,0.068691731,0.120377643,0.146213553,0.101295650,0.062068437,0.075356794,0.150024818
0.106502599,0.070942277,0.088363166,0.134933238,0.116547374,0.142282459,0.069496367,0.140793650,0.065078199,0.065060671
0.085263385,0.119466553,0.071770979,0.070766306,0.096587681,0.135858517,0.076490409,0.107261490,0.091669141,0.144865541
0.073730627,0.170317810,0.121751366,0.077558082,0.086213331,0.067713029,0.066538215,0.150246687,0.110528654,0.075402200
0.105309858,0.084583869,0.066147827,0.167482677,0.079626757,0.115654912,0.098170894,0.134922916,0.063655066,0.084445223
0.097023123,0.103456554,0.152877244,0.073654731,0.067626598,0.061017851,0.085417614,0.088207851,0.144234825,0.126483608
0.099018131,0.107786068,0.087882942,0.078735809,0.094756825,0.154473672,0.131071686,0.089609952,0.080292479,0.076372435
0.075758643,0.138626500,0.076755283,0.124372865,0.102784883,0.077421263,0.079198896,0.056832520,0.129737884,0.138511264
0.121290548,0.084978374,0.071822471,0.113150137,0.094101033,0.157337856,0.065955502,0.125075205,0.068228911,0.098059962
0.067333720,0.128298477,0.087893298,0.107239204,0.135808156,0.099329059,0.072993025,0.069927418,0.151928870,0.079248774
0.061679751,0.064374374,0.092419906,0.137834755,0.066701392,0.139824211,0.137509354,0.098303812,0.126033991,0.075318454
0.125486674,0.051508505,0.131205941,0.109212418,0.055015309,0.134465653,0.132257890,0.081356291,0.098258342,0.081232977
0.065790327,0.126032888,0.105034411,0.118739411,0.114697301,0.055559028,0.081392813,0.104877214,0.101146956,0.126729651
0.070580306,0.072764277,0.083244663,0.071028638,0.165203036,0.118660470,0.101239710,0.129531408,0.117067969,0.070679522
0.099955624,0.103186588,0.115475896,0.128175053,0.096178243,0.081969151,0.135371260,0.087096140,0.085064825,0.067527221
0.071015772,0.087475031,0.090713748,0.090303020,0.068140613,0.069350676,0.100061282,0.110815364,0.157195265,0.154929229
0.110161098,0.089442830,0.114500758,0.116470378,0.128203715,0.069307810,0.100973145,0.076339961,0.101524152,0.093076152
0.145844170,0.149097577,0.079444692,0.094261397,0.081062270,0.116479103,0.066713566,0.058827081,0.140861608,0.067408537
0.087804082,0.133563986,0.110871357,0.107114630,0.092320217,0.125265959,0.097881230,0.092301452,0.090033352,0.062843734
0.095009380,0.159076092,0.095158914,0.060995759,0.145874489,0.062936500,0.077951989,0.142697525,0.096499988,0.063799365
0.142637705,0.083329956,0.065139282,0.079791431,0.148449776,0.073226594,0.114970470,0.101029808,0.126975461,0.064449517
0.075075596,0.125880858,0.060714772,0.102753882,0.074569928,0.112531260,0.129555440,0.083202828,0.110139431,0.125576004
0.112814430,0.066995700,0.081380658,0.074268887,0.170696812,0.085189020,0.097841994,0.089500929,0.088678693,0.132632878
0.064979358,0.092102037,0.115958577,0.142825507,0.061840563,0.129076009,0.092522927,0.112609244,0.103325363,0.084760414
0.112527237,0.085092568,0.055583777,0.111934270,0.140515143,0.086272306,0.086336570,0.133911258,0.059811797,0.128015075
0.130279270,0.067035286,0.125652569,0.100889379,0.068561807,0.136856450,0.058960274,0.063842830,0.099822745,0.148099391
0.059518870,0.078775998,0.091718508,0.111677248,0.134977474,0.061566920,0.136156733,0.107311029,0.111122770,0.107174450
0.065583257,0.129420270,0.094947344,0.112151658,0.071873708,0.103611447,0.098554445,0.138381609,0.117454268,0.068021994
0.099776117,0.094717189,0.087392858,0.085059857,0.092353721,0.106589466,0.103097933,0.072719907,0.147438142,0.110854809
0.111124126,0.098214180,0.092245919,0.102277635,0.119091649,0.096190737,0.113488765,0.116455897,0.069204460,0.081706633
0.081428525,0.086028382,0.082003540,0.072671903,0.128805657,0.095669145,0.098076073,0.149319213,0.114981110,0.091016453
0.128053794,0.096825022,0.118120385,0.102365089,0.138902471,0.078131639,0.090749007,0.098598069,0.060139223,0.088115300
0.065370382,0.083224748,0.112269227,0.095281973,0.107651306,0.112557836,0.120229637,0.086259062,0.100604673,0.116551156
0.062753521,0.155573771,0.097327800,0.126405967,0.076680351,0.086405417,0.082548114,0.073936266,0.085263561,0.153105232
0.077226766,0.060916082,0.073909280,0.147685965,0.150081970,0.059533390,0.088480099,0.064265535,0.118294982,0.159605930
0.072891027,0.096555843,0.105903324,0.075960051,0.092910614,0.152444695,0.071584307,0.071541760,0.156994913,0.103213467
0.086597970,0.075901639,0.070796842,0.065704887,0.105334016,0.130339115,0.127440826,0.116492970,0.075259181,0.146132555
0.072726192,0.127123662,0.096051408,0.121327112,0.063008304,0.056307479,0.079948066,0.129206260,0.120173571,0.134127947
0.122719520,0.123962424,0.063045176,0.084772787,0.089050541,0.098557608,0.114464990,0.057474752,0.112665714,0.133286489
0.101777100,0.112840743,0.080424604,0.118797636,0.137466378,0.083424638,0.056025724,0.092913129,0.110825976,0.105504073
0.124008160,0.123238576,0.077954002,0.073278083,0.080419952,0.088403099,0.087483591,0.084285604,0.128267571,0.132661363
0.065534017,0.149134524,0.114202151,0.063766090,0.074096163,0.121731323,0.114348873,0.065599174,0.149095181,0.082492505
0.102660516,0.103678167,0.065177608,0.081628964,0.132746773,0.154357509,0.086707846,0.093254818,0.068861313,0.110926485
0.058817324,0.062682810,0.057417021,0.134321335,0.122819326,0.066239130,0.146466906,0.111957641,0.090826958,0.148451550
0.103718591,0.074955312,0.062875840,0.118990080,0.132020555,0.143191216,0.073667796,0.065639081,0.128523864,0.096417665
0.098842919,0.070087523,0.106684137,0.131522077,0.080624587,0.122579756,0.113328833,0.094017482,0.062960463,0.119352224
0.115417387,0.070244199,0.136874608,0.105974599,0.058165791,0.128539040,0.102408611,0.105099402,0.112318997,0.064957366
0.105374702,0.091041470,0.082058835,0.150971160,0.080032560,0.149334600,0.117032017,0.075726271,0.074084343,0.074344041
0.101027557,0.069104225,0.101290570,0.058658489,0.131326550,0.117852913,0.099969366,0.107008303,0.112028106,0.101733921
0.074663392,0.086422364,0.102269536,0.082014867,0.114719490,0.128332435,0.108929037,0.100404404,0.077396990,0.124847484
0.106200623,0.104862615,0.093979882,0.059797438,0.078759360,0.130993011,0.059604577,0.102243176,0.144072365,0.119486952
0.110992496,0.091014593,0.092708604,0.117020550,0.099895400,0.079357699,0.154303979,0.063235326,0.075997386,0.115473968
0.123094450,0.067044981,0.123340664,0.084955788,0.111385050,0.127600709,0.129883794,0.056342782,0.111128920,0.065222862
0.083463353,0.096241343,0.067832934,0.143859926,0.100333744,0.065695280,0.066749300,0.140351556,0.117319836,0.118152728
0.074149149,0.106550273,0.134641226,0.090542481,0.102017674,0.165142961,0.066567743,0.087900038,0.068013798,0.104474656
0.127007755,0.079753694,0.087926486,0.092060115,0.083608192,0.112693381,0.077332174,0.136070360,0.102515498,0.101032346
0.098254523,0.121248670,0.061151731,0.074464144,0.131109343,0.102618791,0.081037325,0.096617651,0.082234720,0.151263102
0.064240503,0.133489003,0.087857738,0.125976594,0.079871603,0.077400306,0.086537124,0.111282555,0.135722563,0.097622011
0.076693703,0.070821959,0.102087560,0.100164489,0.128854713,0.135346780,0.087758240,0.128788162,0.099810074,0.069674321
0.089839254,0.096428285,0.107183481,0.068779932,0.109519879,0.063300347,0.120689853,0.076329637,0.122793247,0.145136085
0.080713724,0.126861779,0.064494513,0.063980545,0.092990484,0.142037457,0.088123408,0.092789553,0.146803941,0.101204595
0.086045590,0.104065978,0.124480157,0.105880578,0.136597579,0.075768950,0.128785925,0.079666140,0.076286500,0.082422604
0.129452247,0.129799352,0.100704911,0.065367136,0.075743445,0.138567742,0.076828410,0.073287318,0.133410004,0.076839436
0.137415819,0.078232819,0.126570015,0.133281893,0.114380703,0.061104734,0.063144763,0.077329931,0.104773360,0.103765964
0.091138592,0.090395400,0.069734572,0.073886782,0.144417569,0.074143395,0.149674403,0.106956105,0.102561947,0.097091236
0.102510632,0.069395350,0.073042432,0.134100097,0.072192382,0.132138157,0.087896724,0.056353293,0.145313445,0.127057488
0.063099910,0.130881799,0.071617723,0.158726694,0.121937480,0.078604653,0.122672863,0.064783409,0.080304132,0.107371338
0.075476390,0.072865585,0.126204577,0.064994688,0.128426246,0.123426616,0.132149570,0.081273907,0.093616679,0.101565741
0.071222735,0.107342401,0.085476070,0.066297895,0.131151788,0.093547014,0.126483484,0.116650521,0.095558612,0.106269480
0.129847523,0.088738026,0.126978159,0.084120879,0.122934149,0.123881347,0.110804221,0.075119188,0.069443082,0.068133426
0.074921302,0.088100628,0.091905676,0.129296511,0.084325117,0.086808488,0.106667359,0.119565966,0.132156474,0.086252479
0.132508536,0.089922990,0.107896914,0.128134529,0.115933237,0.057271388,0.080704971,0.110248032,0.077214771,0.100164631
0.056746277,0.107120885,0.111347923,0.136028383,0.056883392,0.100135031,0.070721594,0.107043058,0.148657944,0.105315514
0.142481689,0.153113760,0.128639230,0.112203160,0.082266519,0.108265804,0.062953709,0.083569116,0.062145713,0.064361300
0.111902858,0.085503201,0.114562955,0.086260269,0.081707414,0.113169738,0.059910262,0.095247001,0.117315686,0.134420617
0.138844970,0.063847556,0.154051941,0.075087736,0.115471726,0.075591188,0.103941445,0.136955280,0.059847602,0.076360557
0.102717532,0.064712636,0.079385311,0.121330034,0.138287106,0.160215981,0.085176847,0.086282545,0.070762136,0.091129871
0.096392693,0.141900473,0.130729494,0.089121195,0.055405310,0.070285579,0.139797209,0.069334275,0.132152220,0.074881552
0.074890672,0.108599187,0.109525224,0.081877995,0.065940548,0.094482636,0.067445746,0.120398394,0.124578930,0.152260668
0.120996677,0.092711358,0.068657849,0.127877887,0.071416358,0.121807305,0.126292884,0.105218455,0.083261064,0.081760163
0.059273748,0.102521933,0.125072013,0.058575223,0.103437832,0.139246383,0.113107494,0.118582071,0.073088753,0.107094549
0.085829332,0.068721974,0.074770440,0.110126200,0.088470641,0.136551324,0.095104531,0.167285599,0.062873116,0.110266844
0.108668127,0.098530291,0.092332091,0.133540325,0.054317924,0.075612819,0.127332661,0.103488716,0.077145474,0.129031572
0.067959232,0.103879870,0.148860137,0.094788965,0.072199138,0.149218932,0.083091395,0.133212280,0.075202721,0.071587329
0.080306559,0.109682514,0.081996314,0.073120960,0.084316358,0.095799557,0.083047981,0.091847998,0.144614263,0.155267497
0.100871155,0.061363887,0.097227996,0.095774554,0.097454786,0.092649534,0.117781558,0.136557431,0.126934934,0.073384166
0.165008113,0.151061033,0.078295841,0.108496042,0.086995911,0.081380384,0.086236047,0.061928461,0.068795714,0.111802454
0.107945959,0.098265584,0.126514430,0.104772035,0.050957066,0.114729999,0.135135871,0.077509304,0.112849902,0.071319850
0.084577964,0.082994125,0.178723189,0.121728321,0.090973940,0.098797240,0.072468897,0.080006795,0.082455197,0.107274331
0.055501135,0.121927138,0.069459802,0.114423957,0.098944715,0.064023939,0.136542341,0.110530226,0.112106613,0.116540135
0.071082031,0.059623241,0.139844609,0.118256386,0.146201631,0.056247779,0.111019096,0.078054573,0.128347647,0.091323007
0.109060277,0.085319492,0.066720622,0.085373294,0.099369645,0.133065740,0.107760185,0.068902680,0.073704866,0.170723199
0.069884339,0.068873236,0.091309925,0.106091343,0.103450550,0.102380226,0.116136949,0.120629883,0.131887362,0.089356187
0.113404912,0.125498979,0.061853959,0.152913598,0.136464056,0.092281769,0.067908758,0.092635507,0.062422280,0.094616181
0.133210406,0.100650149,0.101382474,0.108561725,0.100849195,0.119601682,0.056706554,0.130079794,0.093946429,0.055011592
0.112928782,0.126756350,0.111516293,0.078664883,0.088417589,0.091479557,0.073871302,0.093183921,0.085433362,0.137747960
0.070145097,0.062703839,0.069693963,0.133449786,0.113605157,0.142787061,0.069326787,0.083111759,0.159531926,0.095644627
0.068156899,0.148190371,0.127175659,0.102077836,0.068331485,0.092805442,0.104367544,0.086075762,0.090980280,0.111838723
0.107464177,0.145431329,0.113842619,0.094789828,0.083329860,0.118262536,0.079802006,0.124559047,0.063928156,0.068590442
0.060820623,0.109487010,0.145308022,0.091336225,0.149602377,0.126340038,0.111233519,0.060481308,0.064174654,0.081216223
0.097170928,0.082411157,0.105992379,0.128105274,0.066333982,0.131915122,0.101938694,0.073007228,0.109044051,0.104081185
0.136514260,0.080732200,0.072075513,0.063918962,0.102282191,0.088200249,0.128176515,0.142622867,0.110137671,0.075339572
0.085829169,0.116964683,0.141399078,0.090689456,0.122949311,0.056557424,0.143443564,0.067508421,0.110913413,0.063745481
0.137054665,0.065805909,0.118448697,0.076012112,0.064085960,0.078881679,0.127310958,0.127415409,0.109219281,0.095765333
0.114081004,0.127205514,0.073008243,0.072845937,0.122604675,0.067451088,0.079964738,0.144988785,0.075034361,0.122815655
0.066996302,0.085142974,0.065193824,0.148784867,0.132437577,0.119117845,0.119821613,0.059340345,0.100620960,0.102543693
0.091668598,0.092410328,0.115545978,0.066044182,0.120431395,0.108178059,0.078660294,0.101085938,0.112723934,0.113251293
0.148859717,0.122386432,0.102673701,0.063780722,0.114946641,0.080881682,0.137922456,0.064888649,0.095342369,0.068317630
0.078164627,0.091736132,0.068228040,0.154855321,0.129778617,0.091807471,0.081224615,0.078128864,0.098006647,0.128069666
0.102575963,0.078014193,0.123397649,0.105990989,0.060814282,0.105371309,0.138975755,0.095971363,0.095747908,0.093140590
0.064539799,0.108869307,0.151596775,0.151614578,0.102406427,0.084178938,0.072156349,0.072633942,0.073156924,0.118846959
0.082338446,0.142745628,0.058631345,0.066325000,0.094782282,0.109932107,0.103071834,0.129359274,0.077960654,0.134853431
0.069615476,0.160471726,0.088875005,0.078819694,0.119081078,0.088387187,0.065999629,0.096351918,0.159997056,0.072401230
0.128936995,0.114238655,0.068286109,0.139879235,0.111840040,0.077625157,0.063792752,0.097511085,0.134341977,0.063547996
0.086216197,0.130868956,0.094455826,0.117285670,0.068038072,0.087551817,0.125390818,0.106306871,0.115586652,0.068299121
0.072908084,0.126446325,0.071547755,0.113556333,0.076470101,0.099827239,0.126212986,0.142761970,0.112525052,0.057744154
0.120428939,0.114696445,0.099279908,0.130019471,0.099010155,0.062834993,0.129629308,0.125392002,0.053803160,0.064905620
0.073100490,0.079514833,0.149258494,0.097655387,0.127007703,0.068231050,0.100755697,0.100232856,0.094946214,0.109297276
0.071737364,0.092844993,0.065477976,0.131328913,0.109608810,0.133830561,0.126030107,0.057508271,0.125473311,0.086159693
0.076927714,0.099382327,0.137351139,0.101776741,0.132123447,0.123360569,0.052095312,0.105733601,0.085676848,0.085572302
0.124148570,0.054618010,0.130223987,0.098934579,0.066246211,0.096562050,0.102606089,0.108162497,0.089464399,0.129033608
0.092164608,0.067440459,0.061168282,0.131539896,0.127775444,0.064060307,0.092711780,0.144833341,0.091036403,0.127269482
0.090088052,0.141608622,0.082598394,0.108453079,0.054557224,0.135848434,0.060087468,0.113061468,0.079465877,0.134231382
0.065011872,0.139766492,0.137908364,0.084312697,0.060030681,0.068552534,0.085389940,0.145178300,0.064368183,0.149480938
0.066496041,0.144455219,0.097034925,0.154185407,0.127593461,0.057110528,0.106127051,0.084659594,0.089351206,0.072986567
0.115681289,0.077194829,0.112021341,0.108772233,0.087483024,0.072291220,0.094611652,0.154713772,0.070595919,0.106634721
0.071823874,0.064569457,0.142682076,0.105159487,0.099791172,0.104429419,0.081408158,0.069600116,0.101027801,0.159508440
0.071602967,0.073987467,0.065164229,0.080265841,0.124675067,0.092342326,0.163468313,0.148044936,0.110927612,0.069521242
0.100673154,0.105714744,0.085843479,0.101660183,0.081525893,0.075021048,0.148784227,0.083415470,0.139413155,0.077948647
0.078004900,0.072868469,0.089934944,0.091737851,0.132240266,0.110808923,0.095994844,0.124184412,0.091383639,0.112841751
0.117325909,0.134142444,0.075762669,0.055039434,0.123000629,0.071665294,0.080811006,0.088435143,0.135650620,0.118166852
0.127342618,0.060650331,0.117809024,0.083048727,0.113047468,0.054499306,0.133081041,0.118351055,0.090803249,0.101367180
0.092307562,0.090051118,0.081090880,0.065780608,0.084671178,0.155079223,0.155259972,0.090083557,0.080248237,0.105427665
0.116393410,0.086540937,0.106389820,0.146145520,0.110289651,0.079990017,0.067921823,0.119391185,0.069900404,0.097037233
0.086667630,0.084007436,0.132090690,0.117810336,0.092894360,0.126473392,0.094347926,0.085476317,0.096551343,0.083680570
0.117845085,0.067580260,0.081747903,0.071094454,0.067533861,0.094043557,0.150846302,0.119203836,0.091463469,0.138641273
0.095468573,0.143669388,0.103800185,0.118533435,0.134041102,0.065030507,0.084295457,0.068470349,0.060083554,0.126607451
0.071261274,0.110209483,0.076305529,0.102822301,0.088742816,0.086205789,0.101811412,0.092369323,0.152740723,0.117531351
0.133172334,0.098169788,0.107491520,0.146470517,0.072196612,0.062358831,0.072279814,0.099818097,0.120468688,0.087573799
0.086711687,0.138810114,0.129422883,0.088405216,0.107750023,0.074481303,0.131058617,0.080670284,0.078972545,0.083717329
0.086240030,0.094051942,0.080458973,0.063190667,0.101280902,0.094562913,0.096539307,0.143831111,0.104646793,0.135197361
0.100719525,0.123500709,0.156243447,0.093052100,0.093164586,0.091186479,0.065417631,0.124819233,0.069644918,0.082251371
0.078798710,0.114934198,0.082110254,0.125353039,0.069764800,0.143776745,0.070347488,0.122009353,0.119750301,0.073155112
0.108292290,0.118876045,0.081599252,0.073742670,0.130577162,0.093482919,0.077326019,0.068625437,0.116826091,0.130652115
0.085758136,0.112772831,0.103926982,0.083824761,0.067826929,0.070175025,0.129605490,0.079774031,0.102988649,0.163347166
0.096660401,0.079024128,0.133244418,0.084906547,0.060214062,0.099763397,0.143666061,0.058124250,0.152551992,0.091844745
0.119783394,0.100824573,0.086471042,0.072184814,0.097937832,0.099169085,0.081733256,0.110525348,0.126198764,0.105171891
0.057327373,0.132201905,0.077811800,0.118229069,0.103086778,0.121205719,0.078605203,0.099044281,0.115037497,0.097450376
0.142153796,0.067331968,0.119236545,0.078255389,0.070333255,0.123465934,0.135936376,0.099385096,0.100673412,0.063228229
0.071036521,0.146325264,0.059725171,0.139834624,0.134906190,0.057738453,0.089881231,0.100978560,0.059179871,0.140394115
0.103359802,0.066755108,0.110559611,0.114683389,0.093564033,0.119492061,0.103164259,0.119543882,0.082287458,0.086590397
0.069263300,0.064159996,0.071580391,0.129143015,0.081017717,0.132791234,0.130910860,0.074000146,0.118488741,0.128644600
0.116642513,0.110215646,0.089628751,0.075529252,0.107810500,0.078193644,0.057206271,0.146517271,0.149651597,0.068604555
0.076256856,0.133911950,0.085248426,0.133232811,0.092966257,0.073261435,0.115243633,0.096900442,0.093106128,0.099872062
0.125277587,0.053931659,0.067085850,0.076656087,0.133107802,0.116882592,0.117486104,0.111678100,0.130281199,0.067613020
0.126060123,0.074546331,0.121152162,0.111297433,0.085681696,0.097560185,0.072741540,0.070734136,0.106175109,0.134051286
0.133650707,0.064807777,0.119209808,0.123277919,0.079114527,0.113171070,0.066749540,0.093447281,0.128895502,0.077675868
0.108232849,0.085082828,0.068176750,0.127208980,0.106485582,0.118946257,0.111198256,0.108333218,0.087337058,0.078998221
0.066297248,0.085172523,0.067005694,0.118523373,0.072629404,0.119669317,0.142708552,0.111669922,0.063371618,0.152952348
0.150833625,0.120664611,0.058859597,0.129051917,0.070962496,0.070451794,0.085863148,0.125836126,0.091381424,0.096095261
0.118900129,0.068374180,0.160572817,0.080124943,0.152724531,0.075584598,0.063662720,0.100622607,0.078310383,0.101123092
0.088077296,0.133814593,0.105964195,0.132505104,0.070161039,0.091320301,0.103162615,0.100951384,0.072915431,0.101128042
0.073010510,0.146716571,0.082760411,0.083525466,0.130244441,0.070414159,0.133930869,0.073147247,0.117181068,0.089069260
0.086509828,0.076953475,0.086234855,0.135050130,0.119337727,0.106777737,0.063607790,0.145539904,0.109905721,0.070082834
0.138196097,0.066106002,0.114799058,0.065747794,0.078262991,0.085248462,0.092283324,0.087851431,0.140713272,0.130791569
0.061670023,0.098492587,0.118776205,0.139392068,0.113052369,0.063809922,0.079497013,0.140705023,0.104253145,0.080351645
0.157333532,0.062856794,0.156168005,0.080040919,0.135203410,0.070142073,0.081885456,0.105260543,0.062160707,0.088948562
0.091909847,0.133705680,0.070347187,0.088296860,0.110928793,0.123212088,0.097924526,0.147646404,0.075505121,0.060523493
0.067419329,0.133022992,0.093573315,0.116522161,0.082422511,0.124983482,0.072867759,0.148122272,0.080061485,0.081004695
0.084153072,0.105063354,0.078226108,0.074145048,0.140588592,0.088987248,0.146113905,0.086731852,0.104590845,0.091399975
0.066073508,0.072185867,0.087507877,0.081603181,0.123932845,0.082769768,0.144508441,0.136404093,0.095112130,0.109902290
0.086242448,0.113968434,0.142326423,0.127918164,0.062889321,0.068428968,0.095994179,0.139689970,0.060533254,0.102008840
0.063779342,0.151428449,0.150399484,0.101528288,0.109342762,0.078927123,0.076444591,0.066867299,0.116888558,0.084394104
0.097240832,0.109738588,0.065954347,0.122402347,0.147211415,0.078143714,0.072341683,0.072004077,0.084308036,0.150654961
0.068473056,0.079344586,0.080337958,0.070142683,0.100478025,0.067081144,0.097293941,0.146415119,0.122858022,0.167575468
0.113654649,0.077757673,0.111562967,0.093068429,0.063002846,0.069151600,0.106306219,0.088843369,0.125356922,0.151295325
0.156925104,0.063674821,0.065543625,0.134876515,0.102065740,0.104501090,0.082917688,0.115402803,0.087198178,0.086894435
0.081578331,0.061919624,0.114793909,0.136412921,0.131184023,0.105923770,0.095235283,0.090504566,0.069405304,0.113042269
0.111346028,0.122532958,0.129320044,0.119039543,0.096787860,0.108013905,0.064152089,0.088247049,0.087759192,0.072801331
0.109553214,0.094602111,0.150155272,0.137560166,0.082300578,0.073815301,0.097405659,0.093514380,0.076617103,0.084476217
0.101578965,0.084813271,0.126758968,0.114926095,0.085091568,0.062798907,0.163644565,0.094068102,0.103922171,0.062397388
0.122945986,0.134050133,0.097551438,0.076589007,0.110273181,0.068269339,0.110711046,0.136247190,0.057126026,0.086236655
0.094899573,0.119230458,0.098902760,0.109068276,0.069040932,0.084888562,0.077157515,0.078605438,0.152851203,0.115355282
0.062555923,0.139604565,0.135448683,0.112346417,0.075136530,0.071379031,0.097102565,0.140964426,0.106405759,0.059056100
0.079589925,0.091885587,0.083564719,0.065522702,0.082457730,0.069129587,0.150232296,0.070853776,0.135223263,0.171540417
0.098415115,0.099256087,0.070648052,0.064454152,0.075869510,0.135757331,0.127182689,0.125845690,0.119995991,0.082575385
0.092481834,0.089112266,0.149175388,0.122191942,0.072927318,0.089762529,0.104066363,0.079357163,0.137732220,0.063192978
0.143936799,0.153242840,0.062406210,0.147929054,0.075995585,0.077811153,0.057548731,0.077716325,0.115628229,0.087785074
0.076794745,0.142990717,0.102604381,0.081063237,0.129676729,0.071975201,0.140518007,0.097450599,0.066442380,0.090484004
0.160540199,0.107619459,0.082538343,0.081252358,0.107298749,0.071287271,0.082735136,0.091739199,0.143592391,0.071396896
0.148296830,0.142435417,0.071409269,0.154541796,0.068063808,0.079916038,0.111973197,0.076160634,0.063251387,0.083951623
0.084632611,0.119349553,0.080587120,0.068923047,0.074857199,0.139081259,0.120180525,0.093413244,0.069253272,0.149722170
0.089981505,0.115430284,0.057678132,0.093266074,0.095060295,0.113839519,0.093591028,0.125538048,0.095204268,0.120410848
0.147611463,0.069056686,0.114964505,0.080191986,0.067322532,0.109474745,0.061105552,0.158173346,0.087210296,0.104888889
0.101978840,0.064381597,0.098280422,0.126874762,0.102611411,0.094313053,0.104398081,0.082685638,0.142666814,0.081809383
0.081846998,0.120987847,0.120314757,0.072727501,0.100106041,0.097729428,0.112325526,0.118366480,0.075709331,0.099886091
0.107708157,0.062096378,0.085065921,0.075342422,0.097446553,0.128285207,0.134274069,0.083516792,0.127020093,0.099244408
0.119363062,0.096682444,0.093500505,0.126298417,0.067875914,0.074819153,0.075627384,0.127926528,0.073806265,0.144100327
0.110642648,0.085970497,0.133283142,0.068763036,0.094749786,0.109425019,0.117389227,0.090718320,0.078543121,0.110515203
0.063940681,0.111031754,0.135641032,0.090172624,0.062304814,0.154527715,0.082471575,0.152969027,0.059039134,0.087901644
0.067841627,0.102742739,0.134921003,0.139164546,0.076104057,0.100406387,0.135617838,0.071925220,0.086662623,0.084613961
0.082134101,0.100004532,0.074845670,0.123043127,0.120045397,0.112008765,0.082884702,0.130452681,0.068627625,0.105953401
0.124622180,0.087830410,0.083841164,0.087518228,0.065970347,0.078382139,0.097223531,0.124545244,0.107667525,0.142399232
0.085002023,0.119275810,0.066775123,0.066673120,0.105561885,0.111085255,0.138737155,0.120148495,0.065612429,0.121128704
0.056730176,0.089515436,0.137094530,0.070642755,0.070950340,0.091576182,0.116475374,0.127838751,0.122116702,0.117059754
0.115076339,0.098082861,0.129243826,0.114084019,0.082392088,0.069771675,0.146305225,0.085651739,0.073955942,0.085436285
0.124603943,0.076318290,0.116354638,0.070944793,0.097332555,0.136632551,0.124258675,0.069951615,0.058314678,0.125288262
0.083019500,0.066968352,0.125828029,0.075959579,0.146771936,0.128403367,0.075191041,0.111595430,0.060467765,0.125795002
0.134280455,0.081455083,0.117429588,0.081303053,0.083378498,0.113514649,0.092168509,0.062559018,0.105287651,0.128623497
0.068020408,0.165544006,0.081150950,0.120448242,0.102361559,0.093611281,0.080690877,0.095229404,0.118515592,0.074427682
0.102799671,0.135882647,0.076988554,0.096625812,0.128702744,0.062610568,0.109911955,0.134756745,0.092030300,0.059691005
0.098218664,0.148705316,0.063244659,0.142904315,0.066485514,0.142585283,0.075552768,0.110217446,0.071681026,0.080405008
0.111863447,0.059013042,0.139193179,0.078615583,0.069263422,0.064010040,0.157043186,0.100957419,0.066055585,0.153985098
0.078730512,0.062537379,0.129919390,0.088805242,0.116931082,0.114935733,0.067666751,0.129364389,0.091529958,0.119579564
0.133651908,0.094532914,0.124867320,0.056149772,0.109515288,0.080231540,0.124147503,0.122855576,0.055078808,0.098969371
0.133898431,0.072912400,0.066454933,0.089138501,0.144486452,0.079519402,0.139501794,0.101282972,0.100687517,0.072117597
0.080742520,0.093315261,0.133078898,0.091196177,0.117873064,0.072240417,0.084447056,0.162397726,0.071888078,0.092820801
0.132235360,0.125580002,0.136484259,0.064251932,0.116864981,0.124365939,0.084157659,0.059741150,0.071539503,0.084779214
0.144867979,0.118245399,0.082395695,0.119853086,0.097230644,0.093021210,0.061890639,0.124110412,0.082612517,0.075772418
0.084849702,0.142617212,0.123664439,0.131758326,0.075580677,0.100200001,0.073621677,0.055405340,0.142683516,0.069619111
0.108124244,0.080056321,0.128208270,0.111879387,0.060575437,0.075658113,0.113766414,0.129581797,0.056896510,0.135253506
0.115928894,0.116629045,0.085679758,0.064262138,0.113878998,0.081159458,0.081169463,0.163272259,0.111028944,0.066991043
0.148009180,0.080879062,0.143501151,0.152407516,0.096546919,0.066668603,0.063938260,0.069959274,0.112767905,0.065322131
0.076885542,0.069138019,0.150859960,0.060731953,0.062767815,0.148232767,0.069932099,0.124548487,0.138395762,0.098507595
0.124010422,0.071824207,0.074129823,0.084650713,0.094132225,0.077245228,0.102720410,0.126402048,0.138782776,0.106102149
0.098297698,0.126527383,0.129753298,0.123237652,0.073283533,0.107888030,0.122887078,0.105301877,0.053265176,0.059558274
0.099835066,0.068721362,0.092758835,0.093237068,0.081464970,0.064893098,0.154230118,0.098123743,0.130823297,0.115912443
0.076500433,0.060729408,0.058579493,0.138620162,0.144702601,0.122669594,0.071541430,0.111517695,0.097640928,0.117498257
0.124242479,0.056086750,0.086983423,0.074309009,0.136881151,0.102756668,0.133804695,0.131845486,0.077219668,0.075870672
0.073503947,0.075425576,0.125097679,0.058161463,0.113165124,0.145755867,0.129177653,0.082476172,0.080976686,0.116259833
0.097949505,0.117788473,0.059516410,0.114704080,0.093771601,0.138029676,0.069849665,0.123887215,0.056444436,0.128058940
0.059737737,0.081737407,0.119086912,0.129246274,0.100992846,0.057988394,0.110211269,0.111412698,0.132052527,0.097533935
0.097187841,0.090189292,0.060358827,0.069907992,0.144681528,0.118242741,0.107315877,0.068461637,0.139838643,0.103815622
0.092758185,0.115030605,0.092619523,0.067991120,0.103104790,0.150620811,0.081947294,0.148227434,0.062165157,0.085535081
0.125653736,0.070012121,0.069084992,0.070037820,0.112731412,0.082274094,0.164417824,0.088336762,0.112363495,0.105087743
0.106810956,0.147380945,0.064947062,0.092648831,0.131315742,0.092443642,0.071356661,0.146069067,0.084393721,0.062633373
0.123790234,0.124136332,0.076897722,0.145772350,0.078295527,0.066095839,0.097217090,0.123590164,0.091020136,0.073184606
0.091025470,0.123953692,0.119528396,0.075445083,0.139896408,0.065286732,0.112663150,0.106282962,0.069374597,0.096543508
0.107162376,0.075730194,0.096494829,0.095470116,0.112267430,0.146527673,0.144909000,0.075825546,0.068808667,0.076804170
0.134752281,0.131539301,0.071047415,0.102607441,0.108181129,0.081116814,0.068271817,0.063347214,0.113787419,0.125349170
0.122329407,0.127208520,0.119222143,0.107636110,0.089356379,0.093354043,0.074594930,0.097374749,0.085534911,0.083388808
0.092926115,0.094989193,0.119351515,0.114296094,0.118043010,0.068484148,0.121519683,0.063858998,0.114426017,0.092105226
0.096115760,0.077847479,0.086322834,0.105590062,0.102514530,0.122585450,0.106859669,0.060846707,0.111727944,0.129589565
0.099529073,0.101293092,0.074884724,0.096904597,0.122660008,0.116841904,0.100935764,0.099718234,0.066886940,0.120345665
0.130135968,0.101583888,0.101001877,0.086468346,0.117895905,0.089436480,0.108955769,0.097983680,0.072147879,0.094390207
0.112425092,0.121652988,0.086058018,0.085913345,0.100172247,0.077406642,0.118884612,0.088325093,0.100124365,0.109037598
0.138812193,0.090878411,0.086514829,0.100337972,0.111610532,0.155586826,0.062598277,0.109820078,0.080821068,0.063019815
0.084401182,0.100326100,0.116476089,0.088179790,0.139638969,0.060128299,0.145446539,0.097908655,0.075137550,0.092356826
0.131680048,0.074669255,0.141981115,0.103695778,0.088906046,0.119888032,0.067619534,0.072699881,0.126975118,0.071885192
0.162555890,0.103344771,0.083720875,0.085720433,0.067200843,0.074468609,0.123524059,0.078221536,0.098097631,0.123145352
0.105707907,0.120465663,0.070320266,0.120476400,0.125951601,0.062682226,0.058191058,0.113865993,0.097259401,0.125079483
0.097278882,0.076103902,0.119529328,0.172273648,0.070024983,0.079354675,0.088497503,0.092533974,0.122198234,0.082204872
0.168364039,0.081575487,0.138771067,0.133393903,0.075825030,0.105444825,0.075724275,0.077744103,0.065522002,0.077635269
0.082363143,0.085539477,0.083335816,0.098098779,0.099104178,0.089087086,0.078237977,0.126575631,0.115365932,0.142291981
0.104024103,0.084231573,0.059553346,0.126118226,0.069321396,0.074669245,0.101465265,0.096988717,0.157183410,0.126444720
0.133946798,0.095333294,0.062392404,0.095157025,0.064841284,0.097907623,0.087861634,0.115136749,0.151765304,0.095657885
0.077297000,0.118158241,0.056993305,0.131689949,0.131449985,0.075857014,0.080429882,0.114370880,0.073017990,0.140735756
0.089121749,0.063327794,0.104008778,0.128443068,0.070335403,0.090369598,0.066546079,0.150721806,0.127417966,0.109707759
0.082632045,0.061437939,0.121340455,0.096384227,0.139290477,0.092025918,0.105320240,0.079548932,0.149105279,0.072914489
0.066361873,0.076813560,0.134501287,0.063064520,0.068446377,0.167751325,0.088813817,0.124459024,0.122556218,0.087231999
0.121906614,0.077190823,0.129099675,0.121691947,0.112868639,0.069285300,0.119651716,0.105917073,0.054746932,0.087641280
0.069894325,0.114665742,0.056860337,0.082362026,0.129420785,0.127186830,0.080213678,0.107693267,0.091117374,0.140585636
0.099065296,0.145315573,0.106696186,0.059468346,0.086960271,0.076474463,0.097339842,0.124364994,0.136494268,0.067820761
0.115391750,0.078806171,0.127951583,0.099494122,0.132758443,0.072011761,0.110275267,0.088535041,0.105780749,0.068995114
0.116155772,0.070072566,0.133536028,0.072363035,0.092199405,0.077018265,0.114056043,0.086524054,0.118650339,0.119424494
0.125818938,0.097197260,0.122018262,0.073108284,0.107047955,0.059386091,0.074265210,0.091226725,0.096681795,0.153249480
0.148078438,0.071302371,0.130820739,0.116123889,0.066822336,0.117099354,0.110974174,0.082212403,0.095901828,0.060664468
0.136896607,0.111285404,0.106087223,0.051636827,0.083911074,0.114248148,0.071887035,0.107466372,0.138381180,0.078200130
0.126689690,0.102632141,0.091233963,0.107814175,0.084608565,0.075971662,0.086968604,0.120097446,0.086628341,0.117355414
0.076345489,0.075283853,0.073438483,0.148195711,0.097826794,0.111039531,0.167580447,0.107128666,0.065635489,0.077525535
