0.105727631,0.086568579,0.090576488,0.059862628,0.096967135,0.130344305,0.055997427,0.144986343,0.087536066,0.141433397
0.079064441,0.076134734,0.108278895,0.079544151,0.164360556,0.097297823,0.081187414,0.089847538,0.074178968,0.150105480
0.144254262,0.071760028,0.111877712,0.135111932,0.141722944,0.088599648,0.065879532,0.071073325,0.083761795,0.085958823
0.082583550,0.084161214,0.065843085,0.147517592,0.091517587,0.093533185,0.064596396,0.140609176,0.111383534,0.118254681
0.071018126,0.151705737,0.130540763,0.105413046,0.065476113,0.119794683,0.079841471,0.072276737,0.136579152,0.067354172
0.120326824,0.120154049,0.118343868,0.132398354,0.072907917,0.077634163,0.095676202,0.083178238,0.068235671,0.111144714
0.089616185,0.126311754,0.083667861,0.095108141,0.076616492,0.148234390,0.084817841,0.163026964,0.066864003,0.065736370
0.099974556,0.075575302,0.108932198,0.110873302,0.139665602,0.111542047,0.084923454,0.057077771,0.112316067,0.099119702
0.101301638,0.111811066,0.073522456,0.108580494,0.072322799,0.140683348,0.068268477,0.154843143,0.084658655,0.084007923
0.103445285,0.069532030,0.144003540,0.058902972,0.146314257,0.076315277,0.143625586,0.072024979,0.066183138,0.119652936
0.091179500,0.076705862,0.119399773,0.066501103,0.141555389,0.152403236,0.065007959,0.123478425,0.097849131,0.065919620
0.119829347,0.121975475,0.121467054,0.092441000,0.051566145,0.069302945,0.088099107,0.124714293,0.078802830,0.131801803
0.131960890,0.098841735,0.084172662,0.121183270,0.059079987,0.081164361,0.064942510,0.100146129,0.136753413,0.121755043
0.150854570,0.081882352,0.105241864,0.085019626,0.105532484,0.065271809,0.120334280,0.126207001,0.101579126,0.058076888
0.106366417,0.079393653,0.139509395,0.114735410,0.064574045,0.113211438,0.128110187,0.065583017,0.056458766,0.132057672
0.133268985,0.095972942,0.081877466,0.136034868,0.118574577,0.079184434,0.075695360,0.091230950,0.087521836,0.100638583
0.091119909,0.070153447,0.090557695,0.108550999,0.158036650,0.097156212,0.070970300,0.063090792,0.109101141,0.141262855
0.128229431,0.109866320,0.129548284,0.087573886,0.091480886,0.118639412,0.056693032,0.132291736,0.093178498,0.052498515
0.110307138,0.064092283,0.126848409,0.065668785,0.089957595,0.056881023,0.108596338,0.083731531,0.143640312,0.150276586
0.121370749,0.091717777,0.112684923,0.114029592,0.136660033,0.085027587,0.090765613,0.064803821,0.060575631,0.122364274
0.143690234,0.102818017,0.080978151,0.064186548,0.098403524,0.069743339,0.114824984,0.109206891,0.091047948,0.125100364
0.087063188,0.107785290,0.114419692,0.110947153,0.141544610,0.118880605,0.095736990,0.066308909,0.075298286,0.082015277
0.067295431,0.148518251,0.131650536,0.099767817,0.122599387,0.062319043,0.143856782,0.061736324,0.100598115,0.061658314
0.083270360,0.106303658,0.125632662,0.086306946,0.087427451,0.118470294,0.073820382,0.112435284,0.137954522,0.068378442
0.101746917,0.143079635,0.069966254,0.125230346,0.098464761,0.084178131,0.073928113,0.101376948,0.058612272,0.143416623
0.126162401,0.114344937,0.069440429,0.083462704,0.148445530,0.075091092,0.055294189,0.117701038,0.121796913,0.088260767
0.133074895,0.054860205,0.067970457,0.078331384,0.053920010,0.102615678,0.142537076,0.142809270,0.122008214,0.101872811
0.085068850,0.130118279,0.188266779,0.125398747,0.074417681,0.092508724,0.073112231,0.085233792,0.075266574,0.070608341
0.068236563,0.073073112,0.078308887,0.142391413,0.165224324,0.093946040,0.071632880,0.081784862,0.077684578,0.147717341
0.108867022,0.112838589,0.143972448,0.090205238,0.070611792,0.105596254,0.073512271,0.093391881,0.104815694,0.096188810
0.103646246,0.098106660,0.082700477,0.129454094,0.075180017,0.126134960,0.130796244,0.093265395,0.074426154,0.086289753
0.136660866,0.086131550,0.057814574,0.119376653,0.113969246,0.100957426,0.103336514,0.084939620,0.112228755,0.084584797
0.061889591,0.070566342,0.105185002,0.145201579,0.129235267,0.119088231,0.116897173,0.111155639,0.070839672,0.069941502
0.130800011,0.076054184,0.076291041,0.138077011,0.098279679,0.163138052,0.074429614,0.087949560,0.082215427,0.072765421
0.106342180,0.116836269,0.100352929,0.091665819,0.103977999,0.132233111,0.058332799,0.066773106,0.101901791,0.121583996
0.079851559,0.098649592,0.073960015,0.079562696,0.103541797,0.112625669,0.173718625,0.123925329,0.076297567,0.077867151
0.069148866,0.088288406,0.097418610,0.058099360,0.101518628,0.132730722,0.090621888,0.098746348,0.134646456,0.128780716
0.082990194,0.098295117,0.109939964,0.071871222,0.144701069,0.090275432,0.073076762,0.098202292,0.150395469,0.080252478
0.101876641,0.076843171,0.134799658,0.125670309,0.122028085,0.087792186,0.104813585,0.055872393,0.113204966,0.077099006
0.109460943,0.071918841,0.123528157,0.058404743,0.148723084,0.079235552,0.103530638,0.123146589,0.081016550,0.101034903
0.087752075,0.118742051,0.083605382,0.115981983,0.090240073,0.102655442,0.066262361,0.080923632,0.168156859,0.085680142
0.082684305,0.078818848,0.092500032,0.067921546,0.152683451,0.141464456,0.081798171,0.109401156,0.086602000,0.106126035
0.068846760,0.068046722,0.095838476,0.090804878,0.093102189,0.111232182,0.133502051,0.139973934,0.112915605,0.085737202
0.085759270,0.164261898,0.065495777,0.082955424,0.118955112,0.101291940,0.064202389,0.163296846,0.065070555,0.088710789
0.094795366,0.118829140,0.097775355,0.070921757,0.060135471,0.157477799,0.065213360,0.118423339,0.130310291,0.086118123
0.067448781,0.076898271,0.134696389,0.158993376,0.135604434,0.089176072,0.072650953,0.090895796,0.090454887,0.083181041
0.080456822,0.113703252,0.099930327,0.107147111,0.066333370,0.138683790,0.061875473,0.055897178,0.133146792,0.142825885
0.131973840,0.093917282,0.104896856,0.085974316,0.107003843,0.132277403,0.073952905,0.135502758,0.075387383,0.059113415
0.150187033,0.109499153,0.099436001,0.128904054,0.103400558,0.080579337,0.110395711,0.095651696,0.066050125,0.055896332
0.095747461,0.122122339,0.089609199,0.093780467,0.063811696,0.064291481,0.148155824,0.143360249,0.109310858,0.069810428
0.060406581,0.136196001,0.150824173,0.063630095,0.084707361,0.067526318,0.066313513,0.150639316,0.087392974,0.132363666
0.125548728,0.121992687,0.074030995,0.091293399,0.113276132,0.119767255,0.145875649,0.066242285,0.065419837,0.076553034
0.114473447,0.068070417,0.098967774,0.119954938,0.052833732,0.090806673,0.135570744,0.135471400,0.119546127,0.064304748
0.094154773,0.076120062,0.123638651,0.138536361,0.085796934,0.058526130,0.147928578,0.077852081,0.106710127,0.090736304
0.076678149,0.097698134,0.099963554,0.140099682,0.139222755,0.143216275,0.082243948,0.070472900,0.074697664,0.075706939
0.081010576,0.090469385,0.118026801,0.069297472,0.095195426,0.127789791,0.114555161,0.082180202,0.101674642,0.119800546
0.110931149,0.108228970,0.079240882,0.116067572,0.150942947,0.076838207,0.082445037,0.080031620,0.102509308,0.092764306
0.112831392,0.083317054,0.108726832,0.072250638,0.070807438,0.166512848,0.166895762,0.070353895,0.071321099,0.076983041
0.083550165,0.133296672,0.145602017,0.062312664,0.136217165,0.104523848,0.122569879,0.075976061,0.061181512,0.074770016
0.151872395,0.123894856,0.137706033,0.069091111,0.073147887,0.091897285,0.082671227,0.083270336,0.124459468,0.061989403
0.062702095,0.092803642,0.121100041,0.077243704,0.112294521,0.115383853,0.059723310,0.096115152,0.137647184,0.124986498
0.119781827,0.083231295,0.072040402,0.074344791,0.144131592,0.075618109,0.077155585,0.110469020,0.077426549,0.165800829
0.093214781,0.121880680,0.085217595,0.068037686,0.096218882,0.100918158,0.072195167,0.158020397,0.124714391,0.079582264
0.060972924,0.093538259,0.119943619,0.085350326,0.073908416,0.141626686,0.142793463,0.061438440,0.062208152,0.158219714
0.112126970,0.089188931,0.092778915,0.073928376,0.096282003,0.144976245,0.087974389,0.135389516,0.096577730,0.070776923
0.064971958,0.078466837,0.053197384,0.114635872,0.094387535,0.139338228,0.126537935,0.122275605,0.131750978,0.074437667
0.079949894,0.158010288,0.115937240,0.090429135,0.059865669,0.091810553,0.149002594,0.064411737,0.091637565,0.098945324
0.101709115,0.074276955,0.073693214,0.127779181,0.075564733,0.146498882,0.095772592,0.096411272,0.119617476,0.088676579
0.091409234,0.069871325,0.097078474,0.099829189,0.084032484,0.070248737,0.117131799,0.109378566,0.136720051,0.124300140
0.092013956,0.093256693,0.116351518,0.108402634,0.075057016,0.076859475,0.090750965,0.080770719,0.139772968,0.126764057
0.135776327,0.083969703,0.084478305,0.107105812,0.096289995,0.074866769,0.118051138,0.058665142,0.130470918,0.110325892
0.107101507,0.118689089,0.112810826,0.102763785,0.061754433,0.097369883,0.079238517,0.089883866,0.139041362,0.091346732
0.088216624,0.071979488,0.060198576,0.102777715,0.094990291,0.149586353,0.101551070,0.059779361,0.135619536,0.135300985
0.085267651,0.140795052,0.086355496,0.072971678,0.078233025,0.093113331,0.081302533,0.118593299,0.095630599,0.147737337
0.128990547,0.107402598,0.089560122,0.061214600,0.081841310,0.099798175,0.151234330,0.086081638,0.122239090,0.071637590
0.058036073,0.141322195,0.120464113,0.065689073,0.100612352,0.071502838,0.083001947,0.090450342,0.141406714,0.127514354
0.111049091,0.139453814,0.070609364,0.130567344,0.115169051,0.071861544,0.081243323,0.070733819,0.080495702,0.128816946
0.129777882,0.074630725,0.079422487,0.082373752,0.075961784,0.132225317,0.139322707,0.076164943,0.105451877,0.104668525
0.152618644,0.059525440,0.127340764,0.099482816,0.101829352,0.111817499,0.064939210,0.114102812,0.065260943,0.103082519
0.060613727,0.126436882,0.101952943,0.062519962,0.095062751,0.115313784,0.133189540,0.120683954,0.069883200,0.114343257
0.069024686,0.054811179,0.136345454,0.141726404,0.055974052,0.142958574,0.132278394,0.081389523,0.107340288,0.078151446
0.087125007,0.095705194,0.127830450,0.099637170,0.074517269,0.088196988,0.092483227,0.149424318,0.082851100,0.102229278
0.065272028,0.105766321,0.136767202,0.103887681,0.066868497,0.110553999,0.096120230,0.073117060,0.123303481,0.118343499
0.075192407,0.151378259,0.140299237,0.103002858,0.068622524,0.062952543,0.078058939,0.138549524,0.094353421,0.087590287
0.096384001,0.071778642,0.108154710,0.140169467,0.111713261,0.093651864,0.082398753,0.078732809,0.069649852,0.147366640
0.156003379,0.124620943,0.126963817,0.062319749,0.090320960,0.064494329,0.078913391,0.130052368,0.095255777,0.071055286
0.098208017,0.143552965,0.066458222,0.096834859,0.100695872,0.118893997,0.122370429,0.070511277,0.059279091,0.123195271
0.079520014,0.108561475,0.102259331,0.080867585,0.115496093,0.062216077,0.066990683,0.105158398,0.139371333,0.139559012
0.095710238,0.083061560,0.128482510,0.096275434,0.074177533,0.090872895,0.122164107,0.121454831,0.069088337,0.118712555
0.093150100,0.100843203,0.127309694,0.069220125,0.132254520,0.075140604,0.098609244,0.069416940,0.093152760,0.140902811
0.061811944,0.131638196,0.065824127,0.097734163,0.133172612,0.079240241,0.081931463,0.122138987,0.134321490,0.092186777
0.100487517,0.083879132,0.102074370,0.094294924,0.132505412,0.110598709,0.071070811,0.068709002,0.106282913,0.130097211
0.085330398,0.075230159,0.133141152,0.097639459,0.099813311,0.134013726,0.088104460,0.112112211,0.073666459,0.100948665
0.107570252,0.122265246,0.135110934,0.068206406,0.132782801,0.065261701,0.066752232,0.064898956,0.115230140,0.121921331
0.107103393,0.096525423,0.071301145,0.084890245,0.084598804,0.077185905,0.133196341,0.060238965,0.140037737,0.144922040
0.093319277,0.088342588,0.107359334,0.174862679,0.085844910,0.066645638,0.077485270,0.109933625,0.123797566,0.072409112
0.108330825,0.074763586,0.083232220,0.100757493,0.157788938,0.127744030,0.059744428,0.095596840,0.123736760,0.068304882
0.099255295,0.083836063,0.091488648,0.085957448,0.067145333,0.119468236,0.114411257,0.127638610,0.111248148,0.099550963
0.110540182,0.071046208,0.110535605,0.082245311,0.107906664,0.101548692,0.117444298,0.149207052,0.067506265,0.082019724
0.075330775,0.088515524,0.090371006,0.164123828,0.069389167,0.130864079,0.073448597,0.068638541,0.097751170,0.141567313
0.073315624,0.136130596,0.124529029,0.100349826,0.119217917,0.072514237,0.060852695,0.143590247,0.059638825,0.109861003
0.115966690,0.115692805,0.105724364,0.119594005,0.079258424,0.098397047,0.113829573,0.099130222,0.075883969,0.076522900
0.139737325,0.061498478,0.096850195,0.077511966,0.138801396,0.082840265,0.108524124,0.055552428,0.137859438,0.100824385
0.160927375,0.068225482,0.074873253,0.079408389,0.127168432,0.145598696,0.069034822,0.096266345,0.085101312,0.093395893
0.124534844,0.115384989,0.133207357,0.104097940,0.106277302,0.069808510,0.080918092,0.067411023,0.070919474,0.127440470
0.128818691,0.090607716,0.140989503,0.084379394,0.089593336,0.132724584,0.062817083,0.056282577,0.090440737,0.123346379
0.094453590,0.062294512,0.098490162,0.064210037,0.129052305,0.100391493,0.150203812,0.069118265,0.143501482,0.088284345
0.101889439,0.118011707,0.116265833,0.071749191,0.112332186,0.084958269,0.069566719,0.095899207,0.126641409,0.102686041
0.082159822,0.064836211,0.133058375,0.116606366,0.106655553,0.129279854,0.086531222,0.125597100,0.089278161,0.065997335
0.057546758,0.120255535,0.142482852,0.139472709,0.095725551,0.078730830,0.068230938,0.091114681,0.119959358,0.086480788
0.079483956,0.078647039,0.149075668,0.082476320,0.065710221,0.086658567,0.131743476,0.137127389,0.064024041,0.125053324
0.090171247,0.105247382,0.103557903,0.079336049,0.085451091,0.077890501,0.130445458,0.080623481,0.140838477,0.106438411
0.069805980,0.071999173,0.061500313,0.139701231,0.081278647,0.090127288,0.117730352,0.106457624,0.132885586,0.128513806
0.098955638,0.094221632,0.076467404,0.111040293,0.085223670,0.122255128,0.100522175,0.109857584,0.126461713,0.074994763
0.136570447,0.068132849,0.074266844,0.072751240,0.119323567,0.129098645,0.146144884,0.088937684,0.060820259,0.103953582
0.107118793,0.168964544,0.074261853,0.078136111,0.129475923,0.110703610,0.079227585,0.071446933,0.105164727,0.075499921
0.164414408,0.096980150,0.110262771,0.110511623,0.093366496,0.090758398,0.082448518,0.088548965,0.079178529,0.083530142
0.116227564,0.120872692,0.128508512,0.091895607,0.096114169,0.065288306,0.108050709,0.073384801,0.090765906,0.108891735
0.078888507,0.122187201,0.058460030,0.124106534,0.103644605,0.113252085,0.086165581,0.099173587,0.082570067,0.131551804
0.072579389,0.104519228,0.070147081,0.073943790,0.160544893,0.084401515,0.093370593,0.145796198,0.087941356,0.106755957
0.116626234,0.088982190,0.072587465,0.073936959,0.128890209,0.142882667,0.097792676,0.110257859,0.101046891,0.066996850
0.141385732,0.076770611,0.101563153,0.162105806,0.116450455,0.062288257,0.110221772,0.082613082,0.074935587,0.071665545
0.070056384,0.103024810,0.096405701,0.088323557,0.078622703,0.134203392,0.072711041,0.094057748,0.086028698,0.176565966
0.136492938,0.080146088,0.081831691,0.103229420,0.074801771,0.093867416,0.109598640,0.081570080,0.102909347,0.135552608
0.089750251,0.083122066,0.071938367,0.149471530,0.096651258,0.091879374,0.108970524,0.104317059,0.078499536,0.125400034
0.093837841,0.095362193,0.085791885,0.096377346,0.105014041,0.090383980,0.064826101,0.112661283,0.160455889,0.095289441
0.100006149,0.100303217,0.059079586,0.058476632,0.118142267,0.064461598,0.134284547,0.079498723,0.135496882,0.150250399
0.108979066,0.079073085,0.092872824,0.076184983,0.096212442,0.134338274,0.130908673,0.109916853,0.086267425,0.085246376
0.088891078,0.104289837,0.110650807,0.114842695,0.075172752,0.083796376,0.101942020,0.117836636,0.088862649,0.113715150
0.109852164,0.080849021,0.107271963,0.133650938,0.108529394,0.087342234,0.103340619,0.070474240,0.109984377,0.088705051
0.075192094,0.136395708,0.106913344,0.099563033,0.077293831,0.132762752,0.060686986,0.122070415,0.059053691,0.130068146
0.099853182,0.096699353,0.142182153,0.084404496,0.153946301,0.063345770,0.065321013,0.075824765,0.080919253,0.137503713
0.096380084,0.121110100,0.072833427,0.133517136,0.065221391,0.076021502,0.128105160,0.108178265,0.115044203,0.083588732
0.126784340,0.075603800,0.093754117,0.072792740,0.063875383,0.142554216,0.102714395,0.154448622,0.089277164,0.078195224
0.057978341,0.097091203,0.105762192,0.141680186,0.113841065,0.075051834,0.139683057,0.116227169,0.095664476,0.057020478
0.091820608,0.136146009,0.058283673,0.072092555,0.141122209,0.095625543,0.089885684,0.102619374,0.136630704,0.075773642
0.072063058,0.068151115,0.068846502,0.132247075,0.127928615,0.162141553,0.112083657,0.086026336,0.072933947,0.097578141
0.086898418,0.098321706,0.108691780,0.098242619,0.122608830,0.149765145,0.067118776,0.074725263,0.121180444,0.072447019
0.072613446,0.145847281,0.078464085,0.094626714,0.131944796,0.102485980,0.089644660,0.091759426,0.117573757,0.075039855
0.095038220,0.070248064,0.064391776,0.103347246,0.147684311,0.073322097,0.147232494,0.085401457,0.090573105,0.122761231
0.098240882,0.081050215,0.089651413,0.175708363,0.096279110,0.084637823,0.069328889,0.096719574,0.092778994,0.115604738
0.134354531,0.123702516,0.085789632,0.106846469,0.104011356,0.070059949,0.076234140,0.117729818,0.078605753,0.102665835
0.069796872,0.118384405,0.140416906,0.070327615,0.152271707,0.073187190,0.096565778,0.073023165,0.130353739,0.075672623
0.122123538,0.119624205,0.059087327,0.088908344,0.060632615,0.132733254,0.127788177,0.118345463,0.091482592,0.079274484
0.062127701,0.146941219,0.071667280,0.077215491,0.104338342,0.085097449,0.144570966,0.117485027,0.087868931,0.102687593
0.114239291,0.065334887,0.154509964,0.126218787,0.068982647,0.092789750,0.136008918,0.105786348,0.071338231,0.064791177
0.127283646,0.092867243,0.132487099,0.098356494,0.076197109,0.062539750,0.055931118,0.138260405,0.121662881,0.094414254
0.099210309,0.075548319,0.144017260,0.059209313,0.114659676,0.067158504,0.122382827,0.132763961,0.079711426,0.105338405
0.076072581,0.065840335,0.119080185,0.070808009,0.068438057,0.077781306,0.152009071,0.092780814,0.138192304,0.138997337
0.134196950,0.085800211,0.098478629,0.103290227,0.081473601,0.077002982,0.105183053,0.078197274,0.162684129,0.073692943
0.133074339,0.142133753,0.087220785,0.071333799,0.058029785,0.082871844,0.148169205,0.073215831,0.102870493,0.101080166
0.054021915,0.080063397,0.074721566,0.139201748,0.129532011,0.124502623,0.056640364,0.122132562,0.105538251,0.113645563
0.140089259,0.075456710,0.098101663,0.129220884,0.080113355,0.066330048,0.134073846,0.073543896,0.064649790,0.138420549
0.147107063,0.138292712,0.079043077,0.073945856,0.101628532,0.119757399,0.090086715,0.075243039,0.101234077,0.073661531
0.080081367,0.083252720,0.114187937,0.082738992,0.126437330,0.117276913,0.108989573,0.080884002,0.081977108,0.124174058
0.066864823,0.143396789,0.134199087,0.090919627,0.095415396,0.121764706,0.066955203,0.132828337,0.088013688,0.059642344
0.080418008,0.084410523,0.128670497,0.113999792,0.063569552,0.157434978,0.132849325,0.065548444,0.091213406,0.081885474
0.106181393,0.137655865,0.069663147,0.072993684,0.077228790,0.132220525,0.084556000,0.115748204,0.129698424,0.074053969
0.054370201,0.134340154,0.130596991,0.111638130,0.108911329,0.138202917,0.071046247,0.055064415,0.129847567,0.065982048
0.094780165,0.120061379,0.092386998,0.097724808,0.109955004,0.097781399,0.124033702,0.100349801,0.084814944,0.078111800
0.118405389,0.059837018,0.104623933,0.137565944,0.105910338,0.059200500,0.135512843,0.137445769,0.075592097,0.065906169
0.128387084,0.063180919,0.070321729,0.123168410,0.086964563,0.083333304,0.127987054,0.057578588,0.125952388,0.133125960
0.128892934,0.104113634,0.057657467,0.100276745,0.131250994,0.101520630,0.075540074,0.061019191,0.127154442,0.112573889
0.086935679,0.073063019,0.073342170,0.082247322,0.108495568,0.101926493,0.073927774,0.132282973,0.091135951,0.176643050
0.082678038,0.113204754,0.129874830,0.099833417,0.101010637,0.103178868,0.087540786,0.089929288,0.093426057,0.099323326
0.067813637,0.126324832,0.074840985,0.094147074,0.068365489,0.106278893,0.163037344,0.077760814,0.152653483,0.068777448
0.087368803,0.096474524,0.119668938,0.081991031,0.106854588,0.109641174,0.118454753,0.114724952,0.066075598,0.098745638
0.082723861,0.076769808,0.112245049,0.141212026,0.082336094,0.163206092,0.108483824,0.062130552,0.089509065,0.081383628
0.086673400,0.155610375,0.074070784,0.104842690,0.114973800,0.074889152,0.081475816,0.069718636,0.110032478,0.127712871
0.065367509,0.118343761,0.139747415,0.064655400,0.129820845,0.082750077,0.062498362,0.095840637,0.139762424,0.101213569
0.062654713,0.133028446,0.125674383,0.074287514,0.065180579,0.063301289,0.095239246,0.092755454,0.144003595,0.143874781
0.133167479,0.077240702,0.117448157,0.126264938,0.085910647,0.143131973,0.106544384,0.075042065,0.059579635,0.075670020
0.067441927,0.090910355,0.085800618,0.152423584,0.115504567,0.146692393,0.066176292,0.080184543,0.130326017,0.064539704
0.110791978,0.075710635,0.066877955,0.074459665,0.153190812,0.117548931,0.109740393,0.094061936,0.097561910,0.100055785
0.145333970,0.080874372,0.074105855,0.083529538,0.082108832,0.119365001,0.108376868,0.089260083,0.154457429,0.062588052
0.087457467,0.114095968,0.100638691,0.073861859,0.109726487,0.097377611,0.069981318,0.095153369,0.148743110,0.102964119
0.075447859,0.072871232,0.136507009,0.076315610,0.113171208,0.079122855,0.142195968,0.063524554,0.170403607,0.070440099
0.150501953,0.070711480,0.092611919,0.133936299,0.063459971,0.156863407,0.072302841,0.082379869,0.063865059,0.113367202
0.129669684,0.129429979,0.123600249,0.086652428,0.089410800,0.087120918,0.075127878,0.106281443,0.055594987,0.117111634
0.081004552,0.095025472,0.110429866,0.077898305,0.112801566,0.105074955,0.072493573,0.081137514,0.163749896,0.100384301
0.063770502,0.131548417,0.097763133,0.115402246,0.166325115,0.061675654,0.075362983,0.065518696,0.147485997,0.075147257
0.080494663,0.120766625,0.081932227,0.141216147,0.106386125,0.058513690,0.081546203,0.066323885,0.118126181,0.144694255
0.070006211,0.085124938,0.092001048,0.078313666,0.120564746,0.084803680,0.157153163,0.097393916,0.083439755,0.131198878
0.096992212,0.109235982,0.115613077,0.076521420,0.092845510,0.085697631,0.116705761,0.119649156,0.062716940,0.124022311
0.107948496,0.095186736,0.079002302,0.110271411,0.081510950,0.132294404,0.062113014,0.150820619,0.118996122,0.061855946
0.119995711,0.068620299,0.106798539,0.081785919,0.113011686,0.126915529,0.110245704,0.094378932,0.090025542,0.088222139
0.140451994,0.078918578,0.091164179,0.140962650,0.107723408,0.118390028,0.071791344,0.072877145,0.084948547,0.092772127
0.079061662,0.094777678,0.097197551,0.103912596,0.127798061,0.059012417,0.146520940,0.107761516,0.081094859,0.102862721
0.120498704,0.116561128,0.079970239,0.078633559,0.103897485,0.101421481,0.059043819,0.149225547,0.127040954,0.063707084
0.084032068,0.135048409,0.120733030,0.096104344,0.075966549,0.088664902,0.074630005,0.101962859,0.121566975,0.101290860
0.126842885,0.096552806,0.061867296,0.135501748,0.156593115,0.078396157,0.105182465,0.078600451,0.088967355,0.071495722
0.110969561,0.071177717,0.080640807,0.082525769,0.086277959,0.149837048,0.136188265,0.137176396,0.063518680,0.081687797
0.132533357,0.144238958,0.122160461,0.065498615,0.099132094,0.095632264,0.058045229,0.092611552,0.097992220,0.092155250
0.111537207,0.062894617,0.060450155,0.086900684,0.063289293,0.096830216,0.114878990,0.126350628,0.162317857,0.114550353
0.129356660,0.085733473,0.138005645,0.078409900,0.083490712,0.107860356,0.083805068,0.118850765,0.072462273,0.102025148
0.087249092,0.145198475,0.144029845,0.072244901,0.115136703,0.063239951,0.068494949,0.066599092,0.148536006,0.089270986
0.135345333,0.074155717,0.091533399,0.063305992,0.129029064,0.107748261,0.086141848,0.132050313,0.116158991,0.064531081
0.074195065,0.126336230,0.116648033,0.126240819,0.119075877,0.064273197,0.091411736,0.100124565,0.062166959,0.119527520
0.093624408,0.090491967,0.142502905,0.111876897,0.056971553,0.095333542,0.060093941,0.139911921,0.097785173,0.111407692
0.076022817,0.060680830,0.120985927,0.072577882,0.084154769,0.121623076,0.069888912,0.097996849,0.150175273,0.145893665
0.076600980,0.086214227,0.115943024,0.126006843,0.067664964,0.133130941,0.093195860,0.140549396,0.070392124,0.090301641
0.103307844,0.113403689,0.133160027,0.141188459,0.073611344,0.111700413,0.105824848,0.064971954,0.073389698,0.079441724
0.122129794,0.125862410,0.107061374,0.098284860,0.086846296,0.149558356,0.070296387,0.067733261,0.084771631,0.087455631
0.068797289,0.076102861,0.128004756,0.086734918,0.094727075,0.106600106,0.142208890,0.101297238,0.104370928,0.091155939
0.133697546,0.097556718,0.060324915,0.057875307,0.098852058,0.106482372,0.097986652,0.090032199,0.132227095,0.124965138
0.078831725,0.152837530,0.098951755,0.071422759,0.067297356,0.107461750,0.094031954,0.115056979,0.103502433,0.110605759
0.063393120,0.088096460,0.070739185,0.144110055,0.150762542,0.063206138,0.122530538,0.123170760,0.108314586,0.065676617
0.071867774,0.084779322,0.087513819,0.103035139,0.091121654,0.097952493,0.134529113,0.140064751,0.115641979,0.073493957
0.098253181,0.102968357,0.089580419,0.116549401,0.047534367,0.088791419,0.119332584,0.109190766,0.112782906,0.115016601
0.089156212,0.075038797,0.078791765,0.094028974,0.096693622,0.137456573,0.105616269,0.128555558,0.115945899,0.078716330
0.136295318,0.114442169,0.126443472,0.098165335,0.087779065,0.078693305,0.066425020,0.128374303,0.096166075,0.067215937
0.106472360,0.113473287,0.144992004,0.067805221,0.094907863,0.121108894,0.069133361,0.069650513,0.140928514,0.071527984
0.065619274,0.077941642,0.079440559,0.118878140,0.133018465,0.124721309,0.057752038,0.124990273,0.082940115,0.134698186
0.060538712,0.120809116,0.090929117,0.079538377,0.085981018,0.075116367,0.105501528,0.140580756,0.098614099,0.142390909
0.088476154,0.085738355,0.077876220,0.144838306,0.074153141,0.112759498,0.071579837,0.137514134,0.107258093,0.099806262
0.091529531,0.119017816,0.098576063,0.100976049,0.133389636,0.054688577,0.109804150,0.119225325,0.091930205,0.080862649
0.115355871,0.069541405,0.148998387,0.105546843,0.096630960,0.113409873,0.072559960,0.120189686,0.062651252,0.095115761
0.062730226,0.105421078,0.108180781,0.082499899,0.106315879,0.071814902,0.155305419,0.060454046,0.093420207,0.153857563
0.075815734,0.084347625,0.096160546,0.091604082,0.079222312,0.123708655,0.089538706,0.175905674,0.079360261,0.104336405
0.144788602,0.081489058,0.113878247,0.121369406,0.143372852,0.066420996,0.109164935,0.064844462,0.070122472,0.084548971
0.126054455,0.111869405,0.098420647,0.077684759,0.154277593,0.092853196,0.068134444,0.106269549,0.084549768,0.079886183
0.096021019,0.127111406,0.068419330,0.115531873,0.108739930,0.079931994,0.080235692,0.134635723,0.110341328,0.079031703
0.115308996,0.163537558,0.092432536,0.065129143,0.076543342,0.121384335,0.061850615,0.109132845,0.076100709,0.118579922
0.084281259,0.100524546,0.169243350,0.108685939,0.106761924,0.111283650,0.076595531,0.082450159,0.091942194,0.068231448
0.110510367,0.063819369,0.145340465,0.128888273,0.064395991,0.077653613,0.086037255,0.100840421,0.159174594,0.063339651
0.101728916,0.068658096,0.112138865,0.092781450,0.087763078,0.092156065,0.093709223,0.130830900,0.068197112,0.152036295
0.072091933,0.129581340,0.065906970,0.138157277,0.131790599,0.083198503,0.071987218,0.081349376,0.146942581,0.078994202
0.117387241,0.075553726,0.074800688,0.071850401,0.133545238,0.063141505,0.081695167,0.156788300,0.125894948,0.099342787
0.063830383,0.061183811,0.089321993,0.108941525,0.113735799,0.108060846,0.092749936,0.108916330,0.147681775,0.105577603
0.142852503,0.129430378,0.063594436,0.095380067,0.120634168,0.116772889,0.084180081,0.063605104,0.104720850,0.078829523
0.063466278,0.057889534,0.078427894,0.149017809,0.061614622,0.080272754,0.106780799,0.128192662,0.124276062,0.150061587
0.075917746,0.083389221,0.160158222,0.071316273,0.131261036,0.072247617,0.079080113,0.068607867,0.153964511,0.104057394
0.100697287,0.069271662,0.066052916,0.103694809,0.144332682,0.131595742,0.138873911,0.056376554,0.089359351,0.099745086
0.106237065,0.091584570,0.083290360,0.132635441,0.108575600,0.126416217,0.060400209,0.104851416,0.083221152,0.102787970
0.063347594,0.084446269,0.153425647,0.095670899,0.134689882,0.106978072,0.090369094,0.113289621,0.062294296,0.095488625
0.136310476,0.090592027,0.076830686,0.083478774,0.110686169,0.107211800,0.061243615,0.069789235,0.140078640,0.123778579
0.073223810,0.083901319,0.104012931,0.157142138,0.059519306,0.114267033,0.087963837,0.085885537,0.137894691,0.096189398
0.083155039,0.077077124,0.079089083,0.091594999,0.191949520,0.075025991,0.085875075,0.088168753,0.087663392,0.140401025
0.112047004,0.112776740,0.081870772,0.079883594,0.064875870,0.086072954,0.106076556,0.106868082,0.150710074,0.098818353
0.084852424,0.116474399,0.089973651,0.075530455,0.077844726,0.106865703,0.151278693,0.102075200,0.087152426,0.107952323
0.090507723,0.072218958,0.120218658,0.089916294,0.146515404,0.073905981,0.160096493,0.098055456,0.071869502,0.076695532
0.100839902,0.103275593,0.130415916,0.070609771,0.073410451,0.057735902,0.136445919,0.113768988,0.131836454,0.081661104
0.150664041,0.086494048,0.058881217,0.056997023,0.074040927,0.130516939,0.084020407,0.115685394,0.125675029,0.117024975
0.082499013,0.108729572,0.133680905,0.151679434,0.112929868,0.066593339,0.066451157,0.077908302,0.062642522,0.136885889
0.066936303,0.059254910,0.111033654,0.109392361,0.097488105,0.140622348,0.064780114,0.145622451,0.121825184,0.083044570
0.060501568,0.090732144,0.092222338,0.139972714,0.103467306,0.151465299,0.063363332,0.137292606,0.072792158,0.088190535
0.088777332,0.114215953,0.071798414,0.089540625,0.170569031,0.084255777,0.077916000,0.071726767,0.128619930,0.102580172
0.075888681,0.096715027,0.132258505,0.056116256,0.110663942,0.079427249,0.112473304,0.124989021,0.087283370,0.124184646
0.138412736,0.142503976,0.081675805,0.083094869,0.064954219,0.063659706,0.094682465,0.142221243,0.099538665,0.089256315
0.139086193,0.075803868,0.074518735,0.080563533,0.107939795,0.117116850,0.061435577,0.156127399,0.070009023,0.117399028
0.104582579,0.078378435,0.112400009,0.074957852,0.070822762,0.140692532,0.094565825,0.090150837,0.085127741,0.148321428
0.070588236,0.097451427,0.149455472,0.083003146,0.118536618,0.091636956,0.110294430,0.070869799,0.112054378,0.096109539
0.128141232,0.079377323,0.093110575,0.080466395,0.130959548,0.116158067,0.082063382,0.089447766,0.116924895,0.083350816
0.064948149,0.140636484,0.110656965,0.066459713,0.141125043,0.149505280,0.065441136,0.090934840,0.109212826,0.061079561
0.122925798,0.127384019,0.062120755,0.081821709,0.140535154,0.080113036,0.128332400,0.139463234,0.057731873,0.059572021
0.065896423,0.135525350,0.082592302,0.056869765,0.145855842,0.124161262,0.085853514,0.129273477,0.115986952,0.057985113
0.075244991,0.100417335,0.141237626,0.069105756,0.055732005,0.107405088,0.123484872,0.085700238,0.108736744,0.132935343
0.095768135,0.057994067,0.070249816,0.102397499,0.084493430,0.125927224,0.117582984,0.066255701,0.140281828,0.139049318
0.094327712,0.128574194,0.088798342,0.097783995,0.122737519,0.082280069,0.089862678,0.088674423,0.130204241,0.076756827
0.113538830,0.096857398,0.086463019,0.098361265,0.125316595,0.067679020,0.132702835,0.121998224,0.093372859,0.063709954
0.096360116,0.090257799,0.118332133,0.109774982,0.111245338,0.114233366,0.093701047,0.087365512,0.121497181,0.057232525
0.084068849,0.063458054,0.125522363,0.063613852,0.137897485,0.131587860,0.107002629,0.123214931,0.078680593,0.084953384
0.128487853,0.127542388,0.075543468,0.098910090,0.104373066,0.084827572,0.094195882,0.062483465,0.128128056,0.095508160
0.146919352,0.067388148,0.117595183,0.057965091,0.141786552,0.114681161,0.136998539,0.079365261,0.062676419,0.074624294
0.144688874,0.100918798,0.109136683,0.129204583,0.084682038,0.089360857,0.084989238,0.077732161,0.079482341,0.099804427
0.123207776,0.063824862,0.140825666,0.136399795,0.139708415,0.084599917,0.088070873,0.068962656,0.089320797,0.065079243
0.079839210,0.107171336,0.079435388,0.120040073,0.142920460,0.142029152,0.075896772,0.082559103,0.101670041,0.068438464
0.114086451,0.112519679,0.076641963,0.116586832,0.113365475,0.082626637,0.136238332,0.113784385,0.070777535,0.063372710
0.106315575,0.164003044,0.109915014,0.100564471,0.062880616,0.063582276,0.098092383,0.085597305,0.086250580,0.122798737
0.063981763,0.123151502,0.086474245,0.064227985,0.125792481,0.108270118,0.079137111,0.145617141,0.105653464,0.097694190
0.091482810,0.086861772,0.084288875,0.111578916,0.152272695,0.068615763,0.085447639,0.098160051,0.127343171,0.093948309
0.137324683,0.089343323,0.145503750,0.111034479,0.072973764,0.092873865,0.071789425,0.062909822,0.151425029,0.064821859
0.086601347,0.073406927,0.128651156,0.156042151,0.086376795,0.064990011,0.086643055,0.089189091,0.080115775,0.147983692
0.066394936,0.127635390,0.079863216,0.160055597,0.073036395,0.124477823,0.119975233,0.078105592,0.066456374,0.103999443
0.066497133,0.153417233,0.067672120,0.084707736,0.118314334,0.066203176,0.063320627,0.135023555,0.096884614,0.147959472
0.157384864,0.078342847,0.070287101,0.067263485,0.133523737,0.071189045,0.075670779,0.130135758,0.073302535,0.142899848
0.106816984,0.143604616,0.066717773,0.080892940,0.069864525,0.112779315,0.142304997,0.123829320,0.085189515,0.068000014
0.085248822,0.125011597,0.100884846,0.078944907,0.088891871,0.141067222,0.109298601,0.073326540,0.086911519,0.110414075
0.137505061,0.127095813,0.109644281,0.097611324,0.073570662,0.098101081,0.106990979,0.093810147,0.072616409,0.083054241
0.107095306,0.068459046,0.091052924,0.067687265,0.109249137,0.091598374,0.116691718,0.135751413,0.098605531,0.113809286
0.103591327,0.097765775,0.093754137,0.058739165,0.102552308,0.153073338,0.064583220,0.133198939,0.080871114,0.111870677
0.107615890,0.124376264,0.104573982,0.127492978,0.065163352,0.073085872,0.090823220,0.116360482,0.122233141,0.068274819
0.115309456,0.112227996,0.059162120,0.150157691,0.117912103,0.076294334,0.127318430,0.068434087,0.104613114,0.068570669
0.089976319,0.077507619,0.128382653,0.107414065,0.088458012,0.111663279,0.092589011,0.091933503,0.125244920,0.086830619
0.084499259,0.128880264,0.086632399,0.066297995,0.090081189,0.111678814,0.149337446,0.128746756,0.082206429,0.071639450
0.066393503,0.097306803,0.077318457,0.080495707,0.093205252,0.093183823,0.136674915,0.109358551,0.155809825,0.090253163
0.127124481,0.125846777,0.126816867,0.078657036,0.134094293,0.097237165,0.061727015,0.076082103,0.091203679,0.081210585
0.092025895,0.117784859,0.073609371,0.075396339,0.085734494,0.068352849,0.141700386,0.106303497,0.123840166,0.115252144
0.154782743,0.062363616,0.067679790,0.089906783,0.083183454,0.132731958,0.112120418,0.071640214,0.154943479,0.070647545
0.081120365,0.100266982,0.137164083,0.107977510,0.095266216,0.108402456,0.067013739,0.087008436,0.077098542,0.138681670
0.150174773,0.099819950,0.105588910,0.094962633,0.096835910,0.066958628,0.146715425,0.075589454,0.068800986,0.094553333
0.102330368,0.086994727,0.103815446,0.141391388,0.059338733,0.101784439,0.137957438,0.140206674,0.061331003,0.064849784
0.055298719,0.067342111,0.112376571,0.106482885,0.072201765,0.139670158,0.141166499,0.088792793,0.082565811,0.134102687
0.140381395,0.090191035,0.105565078,0.089963694,0.089001620,0.109802258,0.065801270,0.111760134,0.118241514,0.079292002
0.137732346,0.103735897,0.128847543,0.104991754,0.069988706,0.075238865,0.073807128,0.094547020,0.111566624,0.099544117
0.073546174,0.099636422,0.079519926,0.066286113,0.137284523,0.120359286,0.135856415,0.112893827,0.076256890,0.098360423
0.167158604,0.083531739,0.096610758,0.103748670,0.101507357,0.091338334,0.072775842,0.070031763,0.098422941,0.114873992
0.129464742,0.123427573,0.108891132,0.131845511,0.055387035,0.077609079,0.115232679,0.136848352,0.069083994,0.052209903
0.132938234,0.058937179,0.144321037,0.071575503,0.101968418,0.084908604,0.147012179,0.104620521,0.057604125,0.096114201
0.100728309,0.143551726,0.125753047,0.072960607,0.078081662,0.054622101,0.100254870,0.123204431,0.131084409,0.069758838
0.131367161,0.092052429,0.119839493,0.134694087,0.105319342,0.093099856,0.077540671,0.072354034,0.085284818,0.088448108
0.073164498,0.123919839,0.114636919,0.079415652,0.118385065,0.093437447,0.116846871,0.070422812,0.078155802,0.131615095
0.098638104,0.067108418,0.144715893,0.080655268,0.105266460,0.127362081,0.086964536,0.092963427,0.076298841,0.120026972
0.138405170,0.067797448,0.067729560,0.099389190,0.109575109,0.116619947,0.131275795,0.064605947,0.118883723,0.085718111
0.081315639,0.091266881,0.079973401,0.065693343,0.066125123,0.147586234,0.159677157,0.093941753,0.091383428,0.123037041
0.086870387,0.103501590,0.115225630,0.083632689,0.136269937,0.084225486,0.082791654,0.092234989,0.113844140,0.101403499
0.062901167,0.061853679,0.113808377,0.153947753,0.122165767,0.096859598,0.088100507,0.144074092,0.076531306,0.079757754
0.116260961,0.124149100,0.091128378,0.112627786,0.091865107,0.106190672,0.085076518,0.052873972,0.091709584,0.128117922
0.115812612,0.131189100,0.082309213,0.144300240,0.100897211,0.071168518,0.063289926,0.092013259,0.103799454,0.095220467
0.064257122,0.090408414,0.058535920,0.092953913,0.134222584,0.145573552,0.148939164,0.129655525,0.061829392,0.073624414
0.132323122,0.127005255,0.111214467,0.084449514,0.113655030,0.115249478,0.080054263,0.064260312,0.096442717,0.075345841
0.099243664,0.075008096,0.086492251,0.068087082,0.079704613,0.160686624,0.070654995,0.073561734,0.113651678,0.172909264
0.145720675,0.065087335,0.141695210,0.088306189,0.068626455,0.086730710,0.060516259,0.081467472,0.150838201,0.111011494
0.076505177,0.098366182,0.144110663,0.148729175,0.079213474,0.069695310,0.090326826,0.067460997,0.118937781,0.106654416
0.084972043,0.165199907,0.115180202,0.087644890,0.077368418,0.087711071,0.067478260,0.075014657,0.126531192,0.112899358
0.131945331,0.129413389,0.115730290,0.111752122,0.079802327,0.059471677,0.057537374,0.088405370,0.119717885,0.106224235
0.133004443,0.115672332,0.091507360,0.113965315,0.071276718,0.051046034,0.131685618,0.128702011,0.071674177,0.091465993
0.077898643,0.114238882,0.107651992,0.145583082,0.067286460,0.095102374,0.113901958,0.073375214,0.064180289,0.140781107
0.146294964,0.148428443,0.063883395,0.062086090,0.111421191,0.092527150,0.090270928,0.113994765,0.070090623,0.101002451
0.080814023,0.121902810,0.103649109,0.099166586,0.093642351,0.094173832,0.089571916,0.121887800,0.114214336,0.080977240
0.057592861,0.059077610,0.090952630,0.131687381,0.085313032,0.057665873,0.153781815,0.106539876,0.153488924,0.103899998
0.094694227,0.064381849,0.100580238,0.066696808,0.124406771,0.116778909,0.127425699,0.106135425,0.099823431,0.099076642
0.117421071,0.093629109,0.124465399,0.093873396,0.067141284,0.143273540,0.084700962,0.066476363,0.076179599,0.132839277
0.147920342,0.067143331,0.093748602,0.092781202,0.075334298,0.160999359,0.060527717,0.060351731,0.104747510,0.136445908
0.118821548,0.075867584,0.062152155,0.090389069,0.074225006,0.094085705,0.160501303,0.132255383,0.075538068,0.116164178
0.107371746,0.080864251,0.065143922,0.077687430,0.157664644,0.116346468,0.080902131,0.102488185,0.134591874,0.076939348
0.066253159,0.083127177,0.125740970,0.145827893,0.116621499,0.121909298,0.076940134,0.071870829,0.106263913,0.085445127
0.083729880,0.096636509,0.074202509,0.148755624,0.082043641,0.101216082,0.080618159,0.099668965,0.078610651,0.154517980
0.114540252,0.096294356,0.108035343,0.107598701,0.111501488,0.098664922,0.100842173,0.059862454,0.113367477,0.089292836
0.089874841,0.063798582,0.080993798,0.143943572,0.089209865,0.111065833,0.085764707,0.096790733,0.124591520,0.113966548
0.118319852,0.113968637,0.087018287,0.068074047,0.108868733,0.087965444,0.116745554,0.063679409,0.122108097,0.113251941
0.093693822,0.132673814,0.133233399,0.067894066,0.085889915,0.145450268,0.124868424,0.070480362,0.069829867,0.075986063
0.065921216,0.102904457,0.151021694,0.113606440,0.063571464,0.111683933,0.113087054,0.061524822,0.119893801,0.096785119
