0.096669195,0.066145983,0.118573210,0.096210445,0.106960887,0.122864565,0.055836284,0.074498788,0.131158830,0.131081812
0.121038448,0.070872588,0.066695238,0.065100288,0.165518952,0.125954080,0.102728862,0.095189409,0.084308276,0.102593859
0.100308148,0.080705443,0.069998237,0.093728779,0.152624914,0.083504270,0.129802306,0.074620174,0.099073206,0.115634524
0.110381774,0.074360565,0.102867571,0.079098717,0.070383635,0.090507882,0.130394710,0.076213839,0.116340756,0.149450551
0.090743401,0.108386148,0.109691098,0.075090169,0.110718468,0.070919006,0.077238091,0.166643397,0.070707496,0.119862726
0.086676920,0.071388894,0.073348284,0.124726041,0.129165562,0.077924159,0.115992384,0.071304895,0.131490659,0.117982202
0.062429259,0.089902657,0.068834882,0.111411911,0.096617434,0.106419069,0.145877987,0.136781626,0.107586125,0.074139050
0.120885689,0.072986996,0.088828089,0.092814165,0.112995124,0.062923828,0.115638495,0.097440864,0.139407086,0.096079666
0.112430972,0.127604139,0.119082157,0.099242418,0.067585521,0.108046171,0.122083709,0.066762963,0.099891012,0.077270939
0.136774767,0.136498535,0.114550281,0.070397469,0.066669436,0.112046512,0.139385927,0.068123251,0.077515584,0.078038237
0.101162288,0.102034167,0.106057011,0.085647651,0.127177907,0.127383193,0.088617083,0.089965233,0.114253848,0.057701618
0.079197724,0.119786967,0.072702402,0.061732632,0.157858578,0.104461245,0.157707938,0.066678965,0.079726653,0.100146897
0.100251821,0.118736271,0.080111299,0.112015704,0.069991989,0.060770125,0.074800640,0.126107838,0.134579600,0.122634712
0.142906740,0.094509514,0.068248982,0.068536407,0.128799857,0.083509969,0.063728562,0.152292963,0.097436796,0.100030209
0.098694969,0.091699013,0.091522110,0.126087038,0.112293224,0.091403724,0.122616411,0.123792819,0.050441188,0.091449505
0.097754462,0.063674670,0.066768574,0.136938036,0.110632882,0.072669517,0.092257724,0.117648635,0.147437282,0.094218216
0.064936304,0.146264870,0.123154542,0.104670086,0.077736297,0.078771013,0.131079298,0.063227064,0.107018232,0.103142294
0.106784627,0.102318972,0.133169140,0.114189079,0.060765117,0.109644168,0.116247120,0.103064071,0.086823293,0.066994412
0.140009555,0.060996677,0.078871524,0.132404569,0.072939129,0.134428314,0.094815826,0.060111976,0.080466497,0.144955933
0.085939920,0.128728222,0.065126029,0.116687269,0.106495952,0.077482215,0.078219274,0.077247814,0.136458115,0.127615189
0.089215550,0.068833630,0.123328444,0.085017600,0.066838162,0.075210932,0.070310713,0.159591309,0.160782958,0.100870703
0.069282502,0.091951645,0.118255878,0.102197469,0.082729016,0.151889264,0.112792997,0.102069952,0.066173517,0.102657761
0.091718408,0.112329015,0.122582456,0.095779688,0.078233252,0.083255674,0.085739234,0.098822680,0.090938274,0.140601319
0.077011836,0.170635194,0.080820992,0.067894158,0.088745111,0.100166553,0.111914072,0.082613204,0.133958038,0.086240841
0.127648765,0.122405313,0.056292099,0.074773354,0.106029798,0.150295303,0.063149930,0.140422409,0.100826954,0.058156077
0.079065616,0.096010926,0.070270836,0.136186081,0.080003048,0.108352690,0.062147564,0.149954514,0.061149789,0.156858937
0.151782681,0.088459431,0.113146628,0.080720533,0.106542521,0.070816872,0.069140920,0.118118222,0.130294634,0.070977558
0.134692239,0.072119901,0.103305705,0.111596013,0.087042474,0.123645539,0.097290041,0.114884206,0.082449129,0.072974753
0.087335709,0.120123809,0.059919903,0.071095136,0.099673301,0.078670704,0.147488312,0.126743575,0.150625544,0.058324008
0.103543522,0.152894541,0.060841727,0.147841124,0.062475876,0.084241380,0.084943905,0.073045444,0.095752743,0.134419738
0.064752857,0.153262270,0.123744884,0.107102698,0.134707542,0.079237281,0.074379474,0.066483740,0.085174059,0.111155196
0.083266752,0.129712377,0.073477096,0.065135945,0.156016105,0.084450874,0.107236982,0.130104496,0.109364655,0.061234718
0.102853114,0.084199513,0.135174107,0.130782018,0.090453263,0.128440370,0.141759909,0.055925968,0.074750844,0.055660894
0.081051721,0.107345265,0.102239580,0.087683026,0.085094217,0.095989440,0.148556985,0.077181092,0.107229519,0.107629155
0.138021903,0.079954684,0.075417281,0.094585842,0.054666938,0.077749110,0.134702437,0.123660457,0.109493753,0.111747596
0.072890022,0.107101448,0.124313331,0.089827197,0.092714145,0.091162366,0.079166519,0.168835942,0.069511705,0.104477326
0.091975049,0.112976588,0.064795071,0.145943110,0.099898414,0.126241237,0.060606191,0.083781513,0.107986594,0.105796232
0.110981689,0.138768614,0.078975439,0.112977815,0.079275206,0.076778139,0.091049203,0.117710617,0.072667753,0.120815526
0.113472896,0.064280299,0.160249826,0.063124703,0.079194489,0.117096940,0.096288076,0.104225752,0.119381806,0.082685212
0.109691391,0.108468023,0.132935266,0.132311383,0.100066439,0.058161881,0.055727573,0.120928654,0.086260286,0.095449105
0.071255964,0.085582045,0.080421266,0.075700040,0.116437957,0.086247801,0.124762993,0.131948163,0.152185844,0.075457927
0.078369634,0.111877008,0.079709576,0.122585969,0.064339574,0.137391295,0.076041145,0.136920868,0.072013485,0.120751445
0.090467798,0.105842434,0.128593446,0.071394252,0.095003125,0.111113168,0.130990823,0.131509518,0.070067203,0.065018233
0.075046345,0.118549729,0.049808326,0.126691372,0.097470014,0.097920825,0.072525498,0.126953147,0.109901057,0.125133687
0.150212439,0.098196704,0.125715256,0.068298941,0.106735887,0.069302665,0.069455434,0.098169961,0.098076871,0.115835841
0.105400833,0.070337625,0.150127370,0.080447370,0.113388756,0.119337866,0.061244950,0.088395590,0.097324472,0.113995168
0.081879160,0.080005810,0.075110965,0.157375489,0.109368207,0.083187747,0.090223205,0.104639839,0.121336801,0.096872777
0.141961369,0.055382024,0.110239691,0.078327670,0.133496627,0.090119923,0.062854771,0.134254481,0.084686520,0.108676924
0.058441540,0.095515923,0.099043874,0.112124376,0.084193424,0.118466940,0.121052074,0.097478075,0.067241277,0.146442497
0.100055285,0.091016232,0.084850939,0.056776939,0.074591446,0.112167633,0.103058533,0.102500474,0.123719928,0.151262592
0.115676183,0.096319916,0.063762992,0.101153334,0.115487376,0.068320244,0.093715229,0.115006701,0.104164220,0.126393805
0.098371707,0.142083042,0.077491717,0.084942833,0.107770566,0.095712251,0.114360745,0.065037353,0.098849210,0.115380575
0.115251007,0.137599334,0.071305919,0.076676609,0.164910377,0.126609381,0.087415555,0.079258677,0.068039904,0.072933238
0.148434232,0.102439813,0.118627026,0.136119918,0.063413755,0.080277892,0.074196479,0.080404055,0.122614020,0.073472810
0.135171852,0.126627015,0.099481772,0.067073789,0.086595833,0.097116911,0.062289882,0.131645727,0.107347705,0.086649514
0.060748874,0.074070878,0.139186374,0.117066645,0.094195545,0.069235792,0.136680028,0.111982051,0.090724834,0.106108979
0.086522890,0.132269954,0.081015725,0.144508329,0.062334324,0.122308161,0.077307761,0.109346200,0.113415358,0.070971298
0.161470445,0.105907088,0.068716837,0.093906357,0.103530326,0.078242467,0.100222472,0.073043208,0.104523383,0.110437417
0.083348917,0.138448159,0.164320099,0.068953694,0.074861313,0.061363642,0.136879809,0.070811023,0.077739013,0.123274332
0.088670730,0.109660866,0.094518959,0.131999141,0.086011677,0.084805000,0.118547844,0.132087182,0.081325920,0.072372681
0.064222810,0.066856877,0.100713156,0.138999945,0.121813103,0.063273772,0.099093882,0.089716412,0.146349761,0.108960282
0.132088799,0.119458969,0.058685381,0.100788211,0.090589469,0.124755690,0.070203667,0.137858061,0.076837767,0.088733987
0.068701380,0.091087169,0.096253068,0.057707145,0.140697080,0.133023682,0.103840871,0.070988366,0.113896898,0.123804341
0.096102022,0.102077371,0.070188195,0.113578815,0.131981430,0.074690471,0.075156809,0.167353839,0.068929459,0.099941589
0.088216851,0.077055606,0.107245252,0.095122860,0.068296910,0.071500932,0.097115923,0.138449077,0.155817567,0.101179020
0.058895884,0.117513539,0.128411488,0.123766947,0.069936177,0.108845645,0.077225692,0.083374053,0.098406089,0.133624485
0.113002635,0.080264617,0.122015165,0.088539179,0.133390982,0.061262934,0.107596558,0.058100326,0.104249497,0.131578107
0.133619401,0.138088796,0.087364421,0.075004834,0.071751284,0.070580706,0.109073227,0.090130655,0.078009537,0.146377138
0.103889680,0.128050563,0.064368661,0.074132545,0.140493004,0.101255080,0.117120375,0.119527793,0.081338056,0.069824242
0.078643250,0.099436569,0.112061631,0.084933925,0.066610909,0.166488108,0.094631845,0.112969574,0.104731261,0.079492928
0.069593499,0.072007079,0.128947241,0.115132681,0.082543614,0.101535490,0.097820673,0.093494321,0.113976349,0.124949054
0.070939686,0.080733679,0.079221171,0.092176096,0.147333482,0.114863216,0.113828944,0.088167485,0.123777651,0.088958590
0.087036311,0.091930357,0.170999207,0.111398866,0.087088248,0.087087312,0.076134270,0.079838752,0.121856270,0.086630408
0.059824706,0.085359790,0.065148249,0.064424621,0.097721802,0.090207324,0.159928595,0.143518493,0.079461812,0.154404607
0.062872183,0.155188685,0.147115258,0.102130164,0.087557739,0.094476185,0.111674250,0.096941603,0.061551061,0.080492872
0.137812515,0.072728009,0.081506110,0.068189573,0.071190483,0.138034812,0.090391287,0.121177303,0.124059736,0.094910174
0.103268119,0.093407072,0.104890869,0.086645468,0.062062700,0.087010872,0.134923816,0.069359655,0.102457954,0.155973477
0.113316055,0.149683772,0.066562519,0.068612788,0.081067166,0.145233463,0.142879796,0.084539286,0.060946302,0.087158854
0.096188977,0.095658354,0.148720772,0.073234442,0.116576973,0.141308195,0.085299207,0.060083611,0.082423583,0.100505885
0.128282873,0.079714791,0.103284903,0.066820855,0.070845133,0.126947610,0.081160707,0.121904388,0.101164412,0.119874327
0.123773382,0.110933018,0.130144563,0.098363339,0.132257981,0.063926730,0.132883170,0.066285421,0.066028310,0.075404086
0.138165202,0.062844589,0.080721127,0.111289646,0.138258811,0.076918544,0.093083893,0.143888736,0.088546758,0.066282694
0.100702717,0.129652695,0.073254522,0.157921957,0.068131326,0.065401047,0.060718033,0.113878513,0.144971838,0.085367352
0.078305445,0.137716729,0.081681236,0.072533740,0.072636230,0.130193338,0.089442216,0.127417276,0.071089645,0.138984144
0.084182297,0.073336683,0.128748663,0.075172205,0.162695226,0.120117345,0.073987443,0.072270581,0.095560275,0.113929280
0.066712790,0.118660665,0.110619772,0.137266970,0.092329726,0.091271375,0.076315455,0.088776139,0.142926053,0.075121057
0.108508352,0.065836659,0.151354073,0.114747436,0.114937721,0.113355924,0.079719483,0.067934622,0.068240088,0.115365641
0.113790210,0.107525018,0.120919493,0.093168525,0.103121407,0.082520308,0.070982491,0.120809242,0.074759939,0.112403367
0.122200441,0.087482218,0.075566301,0.060504918,0.111814531,0.132904644,0.140810746,0.087012237,0.095491766,0.086212201
0.102809909,0.122346519,0.060273415,0.149358202,0.080703443,0.074904365,0.102724793,0.083890326,0.114836812,0.108152215
0.102066145,0.069746352,0.083495472,0.183933857,0.072293389,0.076199904,0.101178718,0.118552093,0.103004797,0.089529273
0.118183392,0.061396542,0.135579116,0.103470195,0.072003855,0.159757468,0.062946002,0.125028655,0.072982592,0.088652183
0.055721390,0.135830155,0.061331034,0.117757122,0.116662015,0.131024432,0.075112852,0.107731508,0.066325934,0.132503558
0.155943335,0.087868367,0.123201397,0.127128484,0.127387589,0.073961712,0.075502834,0.088066378,0.072335733,0.068604172
0.077509745,0.075163435,0.079460275,0.099350030,0.129178548,0.101742541,0.084437352,0.121519958,0.130330273,0.101307841
0.139773142,0.095278582,0.066560701,0.109246384,0.105293008,0.096175430,0.083042974,0.118867658,0.064847060,0.120915061
0.080966141,0.129949496,0.086176020,0.072216442,0.089370064,0.117693799,0.127664869,0.111695568,0.110176390,0.074091211
0.073110435,0.087649721,0.073179376,0.097656948,0.119892707,0.085943303,0.088731976,0.136420696,0.120832620,0.116582220
0.132501297,0.092021843,0.141844375,0.065983669,0.144575694,0.066845780,0.073276592,0.079341902,0.069417847,0.134191001
0.108198998,0.149979296,0.147357283,0.069922354,0.081498114,0.071119532,0.087380743,0.070967352,0.151865499,0.061710830
0.094853987,0.065342300,0.100320029,0.100385270,0.089379482,0.120425791,0.131465707,0.091429046,0.110678146,0.095720241
0.058165408,0.117248233,0.138441816,0.105650788,0.109995492,0.115228591,0.124940907,0.067985350,0.082546428,0.079796986
0.141371775,0.081135139,0.072461110,0.164271171,0.077524849,0.071034904,0.075850610,0.086587973,0.144153207,0.085609261
0.071475004,0.107832951,0.069074505,0.118399028,0.120037842,0.084543464,0.130866308,0.122265539,0.056835773,0.118669587
0.072897469,0.073895636,0.088489662,0.105857216,0.102572973,0.072080458,0.097536580,0.145567829,0.098751691,0.142350485
0.060427611,0.147045625,0.090602822,0.135509194,0.075220230,0.143134269,0.062483905,0.077463564,0.147564277,0.060548502
0.104186652,0.061887179,0.094486268,0.147946625,0.065984652,0.071199744,0.133332198,0.125208582,0.059667557,0.136100543
0.120620034,0.086367969,0.130016764,0.066727789,0.071177799,0.109466150,0.111571334,0.094425871,0.092067108,0.117559182
0.079224466,0.118069728,0.155035124,0.103327473,0.089142777,0.081152699,0.118402585,0.104938426,0.086593201,0.064113522
0.121935621,0.064403618,0.121030596,0.122833947,0.135450790,0.133037729,0.055627900,0.099464718,0.055542638,0.090672443
0.140678350,0.081324104,0.128069357,0.078198148,0.073888168,0.121044964,0.079850112,0.124412453,0.075074660,0.097459685
0.078266378,0.135240315,0.085339440,0.092032370,0.078330657,0.157429010,0.083170361,0.093558600,0.110833384,0.085799485
0.074759381,0.084761412,0.066899895,0.083451016,0.071903231,0.116327297,0.173118204,0.144741441,0.109134063,0.074904060
0.148765398,0.064948903,0.146551452,0.070327911,0.072099832,0.119610344,0.114385998,0.073527587,0.076286711,0.113495864
0.162828190,0.127060535,0.099241948,0.071988395,0.135129716,0.062045625,0.114537454,0.080648297,0.074924022,0.071595819
0.107940356,0.125572989,0.058232145,0.132288080,0.068976455,0.102025803,0.089836900,0.123813615,0.063113107,0.128200550
0.139148533,0.112844604,0.077277681,0.058867930,0.071156666,0.144088636,0.127021817,0.097766389,0.109919275,0.061908469
0.069699635,0.103307070,0.115111819,0.077400574,0.116982723,0.073898810,0.100718252,0.092667747,0.110036728,0.140176642
0.113785634,0.091035445,0.131907483,0.076300975,0.128551668,0.108701380,0.060894379,0.084842432,0.055574204,0.148406400
0.113370844,0.107019589,0.117847922,0.077876580,0.105336478,0.098341908,0.122497073,0.094900191,0.076189261,0.086620155
0.099667866,0.091073254,0.104108523,0.083027716,0.071171147,0.108582573,0.113477944,0.069222799,0.132596949,0.127071229
0.064385845,0.074673919,0.103320857,0.076158592,0.134314083,0.099081517,0.135464730,0.114808228,0.068448008,0.129344221
0.118518968,0.086734564,0.084304109,0.117250286,0.104629500,0.091463636,0.109475274,0.098644807,0.108512714,0.080466142
0.061456657,0.104955080,0.063439543,0.120598655,0.140813163,0.108243455,0.123895021,0.140892655,0.069692715,0.066013057
0.110515717,0.062251605,0.150704758,0.066224270,0.071845017,0.126104184,0.140658085,0.088322450,0.074479758,0.108894156
0.097715697,0.082445774,0.124700211,0.102932814,0.085750558,0.133859336,0.103981608,0.101306959,0.097179439,0.070127604
0.089449706,0.110461930,0.101224733,0.084446062,0.091200017,0.120831576,0.084232826,0.135891864,0.063404223,0.118857064
0.098485996,0.099354645,0.099735630,0.075112254,0.065793751,0.107013817,0.136958135,0.119219457,0.098618567,0.099707747
0.110925270,0.075986495,0.094474609,0.070466864,0.069200875,0.162171727,0.092034989,0.093159380,0.080626636,0.150953155
0.118939457,0.120930116,0.140892693,0.072542982,0.060858504,0.100798365,0.066896049,0.101974373,0.075258037,0.140909424
0.087358589,0.163397800,0.071618907,0.068070111,0.080565868,0.137839616,0.090056088,0.064596177,0.134053258,0.102443586
0.071884770,0.123137051,0.130296898,0.087347639,0.119952471,0.074914931,0.122530410,0.101217555,0.061896357,0.106821921
0.111186856,0.120261376,0.111847598,0.102702712,0.122526060,0.069193090,0.109810255,0.075290223,0.082609434,0.094572395
0.071696460,0.066396400,0.150819817,0.102266261,0.074404970,0.110611198,0.079417460,0.125233815,0.095099408,0.124054211
0.128372640,0.081292789,0.079218976,0.055021212,0.063650772,0.137497698,0.098495545,0.103608079,0.112318017,0.140524272
0.078449249,0.091796041,0.093429752,0.116519058,0.066813915,0.136781240,0.099189161,0.090772819,0.113129843,0.113118922
0.092942315,0.108848251,0.072210966,0.118618007,0.084813387,0.096824282,0.072917194,0.158135904,0.118532579,0.076157115
0.088874731,0.075052860,0.115811670,0.101254997,0.095003143,0.122557342,0.147973103,0.123074394,0.066009286,0.064388474
0.145169582,0.073698210,0.066400614,0.072396218,0.144110689,0.077562918,0.100289730,0.125765450,0.090695531,0.103911059
0.127542512,0.112331075,0.050351723,0.124627492,0.102357153,0.126638108,0.127290052,0.058281150,0.078278029,0.092302707
0.062827839,0.150015968,0.100014117,0.138393190,0.076466475,0.120459104,0.078716907,0.096014081,0.114239803,0.062852517
0.087311513,0.136234588,0.080302009,0.137782350,0.078709800,0.130476136,0.091770132,0.095266320,0.101670203,0.060476947
0.079509035,0.059077026,0.125371087,0.110354265,0.066978170,0.145623458,0.097843658,0.151811654,0.069548162,0.093883485
0.138001826,0.102451869,0.075301120,0.115268216,0.075827983,0.134975578,0.071230496,0.086872955,0.129290578,0.070779379
0.123252117,0.082720540,0.133922113,0.109072755,0.062256365,0.110248971,0.087570911,0.076771856,0.081052898,0.133131473
0.071019524,0.078006737,0.112119951,0.127213182,0.074778353,0.072999757,0.120744820,0.111880785,0.100752735,0.130484156
0.130700733,0.087016220,0.067195884,0.115347938,0.092436568,0.124435751,0.064735257,0.081392026,0.083004039,0.153735584
0.124005244,0.050838931,0.107807880,0.131917128,0.063063396,0.098769976,0.129566996,0.114830160,0.063505524,0.115694764
0.118014800,0.132065290,0.055121178,0.074507294,0.080769552,0.141277011,0.142527329,0.059344743,0.117193866,0.079178935
0.082028694,0.078701760,0.121724121,0.110714749,0.089837510,0.101647892,0.108565393,0.116931025,0.063750108,0.126098748
0.114832694,0.127377327,0.129465341,0.075974121,0.066658060,0.096313070,0.134751895,0.066924062,0.103983011,0.083720418
0.134443261,0.074466706,0.164606034,0.067341517,0.072068116,0.100953327,0.100209731,0.071471385,0.100728698,0.113711226
0.101877586,0.063991643,0.111788199,0.101779781,0.109557401,0.066879115,0.139661926,0.140032170,0.082596311,0.081835868
0.080074991,0.142001547,0.098232477,0.117923013,0.133977460,0.066227177,0.071827059,0.134846202,0.083613925,0.071276150
0.067829430,0.072092434,0.137606008,0.073335305,0.090006966,0.110631907,0.114235064,0.121167607,0.086287207,0.126808072
0.140413741,0.096407562,0.099954762,0.099839807,0.098200691,0.143226116,0.088986405,0.060932587,0.107067514,0.064970815
0.132423074,0.094026498,0.116606886,0.074624999,0.058026096,0.062641205,0.103823698,0.136274714,0.081540769,0.140012061
0.141137870,0.120270550,0.057078402,0.110528022,0.071626681,0.056251289,0.123999638,0.124636393,0.122286852,0.072184301
0.101638054,0.124736353,0.125256294,0.063353475,0.128043414,0.062090411,0.159648098,0.073455157,0.069201016,0.092577728
0.129132556,0.070244296,0.168410891,0.096325749,0.069865473,0.092972469,0.155680720,0.067029980,0.068659418,0.081678449
0.139687097,0.067993192,0.092883711,0.098492995,0.090844965,0.083110040,0.072349601,0.169465116,0.069299254,0.115874030
0.142525864,0.068787214,0.056992667,0.063338551,0.100679339,0.118961467,0.089061594,0.129642127,0.148101170,0.081910006
0.063116838,0.106074180,0.073550490,0.103269347,0.147706362,0.132511745,0.072733849,0.101316145,0.114770186,0.084950858
0.120742575,0.082390330,0.086542326,0.120278355,0.089233674,0.127669086,0.059558003,0.088374670,0.082578284,0.142632697
0.116055769,0.086990527,0.104515995,0.112005523,0.086208040,0.064045605,0.096063463,0.064984288,0.150276907,0.118853883
0.091081108,0.061390241,0.100663185,0.097987085,0.113299422,0.097079181,0.140032584,0.135761367,0.063338900,0.099366927
0.101370333,0.156903868,0.066025813,0.082671117,0.068969811,0.087034156,0.110047671,0.142863700,0.116762893,0.067350638
0.070738017,0.139518786,0.059724990,0.133785117,0.099364515,0.087181550,0.153611834,0.061142127,0.061180834,0.133752230
0.142911587,0.110378658,0.062402543,0.126865958,0.098792953,0.067163562,0.101858352,0.084521660,0.107544402,0.097560326
0.092910651,0.108848789,0.076593401,0.129528397,0.100800957,0.067282746,0.099729235,0.093978572,0.115230971,0.115096281
0.064550698,0.088505496,0.152648745,0.062132890,0.138398896,0.138849204,0.095050435,0.068207064,0.120129517,0.071527057
0.063701613,0.087953501,0.072575676,0.122441596,0.076237949,0.150048007,0.127689821,0.074459153,0.083701685,0.141191000
0.119333760,0.093106902,0.066109880,0.111858644,0.064431785,0.061723401,0.122924896,0.139116687,0.114043535,0.107350509
0.072007448,0.059166854,0.148219888,0.097414265,0.090028655,0.118048936,0.135847553,0.087906010,0.087137734,0.104222658
0.152997447,0.090828296,0.124041318,0.078890019,0.090525951,0.128941742,0.073001166,0.137903278,0.062260579,0.060610205
0.125424345,0.116520022,0.068414881,0.087493304,0.127993592,0.063776666,0.086994842,0.091830474,0.137641643,0.093910231
0.105722509,0.069072615,0.092189770,0.118591388,0.093697312,0.091283990,0.081422210,0.122510623,0.119753215,0.105756368
0.096402594,0.106644124,0.079261264,0.086590003,0.096583638,0.093976864,0.122748094,0.107479017,0.116691985,0.093622419
0.064429989,0.071086106,0.069221284,0.076376507,0.105811390,0.067472838,0.139740512,0.067482907,0.168390789,0.169987677
0.115738360,0.136402691,0.112801864,0.093187757,0.074953615,0.081736982,0.105143669,0.107158628,0.101578967,0.071297466
0.100596747,0.096601851,0.146934808,0.056029968,0.127639909,0.092031365,0.096986562,0.066217163,0.104498804,0.112462822
0.085428588,0.149116933,0.125118558,0.092022847,0.076078246,0.094428005,0.153297540,0.074789382,0.075084367,0.074635533
0.129263308,0.086578528,0.067205886,0.100519657,0.072989547,0.078192079,0.122316342,0.084273792,0.095482817,0.163178045
0.124624430,0.103907268,0.096217576,0.156257943,0.060206403,0.063758965,0.148847671,0.123301137,0.063518979,0.059359628
0.131624619,0.136869148,0.063574616,0.130421559,0.073329569,0.126312775,0.052026447,0.114791858,0.056171269,0.114878139
0.064478943,0.066027175,0.117702113,0.062002658,0.136045969,0.100128273,0.123101773,0.070923954,0.130167403,0.129421738
0.075021802,0.132481120,0.077162689,0.081040886,0.109682350,0.157384845,0.113639324,0.077073844,0.084202650,0.092310491
0.075899295,0.062795799,0.092279303,0.102132878,0.097733798,0.096878124,0.124364550,0.100760631,0.139199934,0.107955687
0.075250803,0.082849705,0.091911004,0.121875125,0.089113961,0.126559660,0.088139514,0.095728294,0.121672556,0.106899378
0.073583898,0.089965499,0.067917370,0.079339632,0.122173256,0.083027363,0.141578216,0.122932607,0.125362513,0.094119644
0.105341996,0.090732103,0.083751772,0.124748046,0.084385193,0.110844391,0.086159512,0.129810951,0.114227066,0.069998971
0.061151102,0.061293594,0.146461330,0.108427478,0.105401828,0.114166932,0.138403703,0.106705182,0.063118087,0.094870765
0.109155455,0.114893541,0.097727383,0.064921091,0.152489547,0.110677618,0.067119305,0.083021794,0.136649284,0.063344982
0.120923566,0.064458656,0.107906062,0.077565946,0.116157197,0.120486457,0.071188843,0.074908682,0.112319848,0.134084744
0.072026107,0.063591593,0.095992154,0.068895575,0.070887589,0.134951538,0.068082430,0.141496487,0.120279564,0.163796963
0.121361920,0.071122197,0.128443804,0.058898514,0.079473260,0.113246389,0.094748970,0.142106151,0.082670522,0.107928273
0.119241127,0.100622318,0.120922730,0.073472350,0.085993371,0.074016312,0.079828090,0.123513368,0.124637002,0.097753334
0.144963652,0.074538553,0.074047884,0.099407979,0.091449960,0.163567585,0.090107849,0.090983637,0.100706768,0.070226133
0.123530992,0.119772023,0.064962220,0.096306999,0.121898333,0.136515360,0.065696694,0.124495097,0.083019303,0.063802979
0.132979301,0.159382588,0.067793569,0.077135893,0.070455793,0.073962094,0.137756475,0.093786470,0.107358140,0.079389677
0.073114855,0.064331762,0.164054935,0.089143487,0.109250227,0.144293065,0.079912756,0.073893880,0.110590092,0.091414941
0.083441994,0.082750893,0.070545098,0.127056355,0.065995551,0.105845960,0.102740134,0.128819584,0.093996872,0.138807559
0.115107548,0.135465862,0.092800689,0.065642342,0.089123815,0.149547366,0.085345517,0.097857327,0.073542843,0.095566692
0.088861138,0.102621470,0.128674456,0.071760538,0.159603693,0.085603111,0.074188249,0.096943571,0.068180962,0.123562812
0.099688783,0.097472284,0.143769098,0.120088959,0.089831969,0.083685693,0.066199963,0.126771521,0.083397508,0.089094222
0.059804211,0.098560563,0.106509920,0.094268834,0.082822015,0.136978395,0.129199740,0.154844190,0.058350867,0.078661266
0.058423047,0.067421050,0.143654420,0.092723441,0.125362280,0.067201277,0.093817908,0.085307262,0.126906189,0.139183126
0.120707503,0.091993413,0.116683187,0.081034187,0.063789424,0.096898055,0.115515942,0.114023701,0.128989809,0.070364779
0.078463034,0.065201338,0.062623729,0.088736524,0.142640557,0.089700579,0.077079316,0.135153337,0.117542841,0.142858746
0.083679871,0.060464308,0.076098440,0.114552210,0.114471939,0.140267691,0.132384201,0.088903299,0.060203203,0.128974838
0.106476239,0.069390657,0.130928249,0.069063162,0.074160544,0.062370321,0.090183157,0.153349475,0.149206955,0.094871241
0.116946991,0.095536153,0.074849591,0.071718731,0.134411295,0.071676315,0.111791626,0.089313414,0.104599546,0.129156339
0.077777074,0.078400197,0.098680209,0.064532614,0.074554950,0.098023046,0.169078775,0.144204907,0.068493590,0.126254637
0.089302976,0.148432750,0.120604093,0.097571722,0.067191797,0.086901599,0.102001558,0.087245231,0.132453456,0.068294818
0.126696125,0.140143807,0.082753786,0.084848727,0.067001306,0.135502601,0.098360351,0.110677272,0.058481495,0.095534529
0.065368508,0.119863778,0.088168420,0.101048782,0.168105019,0.105081327,0.099902643,0.079699587,0.069319961,0.103441975
0.087871349,0.131365701,0.128686173,0.107736320,0.116925361,0.109467936,0.102659613,0.058563920,0.100352372,0.056371255
0.120690795,0.128532565,0.137295543,0.091069294,0.062948455,0.098602997,0.088858685,0.070496591,0.127119340,0.074385735
0.099009700,0.063146486,0.111857478,0.102182551,0.106852647,0.081232492,0.108709489,0.115771373,0.097662312,0.113575471
0.106006296,0.068172363,0.082636222,0.069966947,0.130021344,0.150746255,0.067466813,0.090277019,0.098502536,0.136204204
0.079558737,0.070072490,0.081441376,0.069182868,0.148581901,0.115802255,0.065243200,0.127774313,0.126377137,0.115965723
0.179324546,0.077476948,0.133522629,0.070556456,0.067952902,0.114814542,0.089773562,0.116879262,0.081693844,0.068005311
0.092197580,0.126716321,0.141229290,0.084554565,0.140211389,0.118083770,0.066289108,0.067563661,0.072227217,0.090927099
0.123237480,0.071024074,0.074921220,0.139493493,0.077077927,0.097875448,0.069305593,0.137771169,0.142254520,0.067039077
0.077697431,0.149981927,0.105251125,0.103351813,0.087009422,0.082811962,0.106684393,0.138001353,0.072012997,0.077197578
0.105193654,0.084143136,0.125273664,0.092241502,0.115627267,0.123908709,0.059085189,0.076640772,0.090239554,0.127646553
0.085927188,0.073997969,0.133764004,0.108310878,0.065071131,0.118396012,0.130661786,0.067617785,0.138804149,0.077449099
0.058105253,0.064920308,0.066128199,0.072335173,0.142356999,0.144557794,0.139795641,0.118487234,0.054865210,0.138448187
0.069141058,0.108068145,0.062651901,0.114320087,0.113739041,0.099428221,0.107080631,0.079476671,0.111245881,0.134848365
0.111376271,0.112466628,0.076105144,0.102217064,0.088401506,0.132064364,0.062374961,0.120213205,0.097692984,0.097087873
0.093982020,0.138370436,0.078543717,0.072012387,0.121438120,0.088306189,0.094982120,0.137424273,0.070450907,0.104489831
0.083577515,0.104175711,0.129071588,0.124874283,0.086610894,0.064816918,0.068900052,0.100623706,0.109938503,0.127410830
0.096064483,0.135004310,0.115375275,0.147849569,0.077212642,0.127269360,0.079712935,0.069988292,0.083397749,0.068125385
0.167401066,0.075847161,0.102180342,0.081264824,0.062996948,0.062240363,0.086554546,0.144779816,0.126422254,0.090312680
0.123793394,0.129788984,0.084069989,0.065948084,0.121246215,0.109865886,0.049378594,0.130537898,0.118418484,0.066952470
0.131514583,0.095691103,0.121360255,0.113781159,0.114824863,0.111203138,0.078089725,0.069874599,0.074009373,0.089651202
0.122128295,0.139337633,0.075321599,0.067658098,0.118439165,0.065907581,0.113162888,0.069578522,0.134915769,0.093550450
0.065095624,0.099716730,0.141893753,0.095105162,0.083090085,0.065399890,0.114569795,0.127779372,0.094727112,0.112622477
0.088183978,0.073738077,0.149476662,0.068312409,0.117595160,0.154734516,0.077197787,0.073623724,0.102802958,0.094334730
0.141062164,0.079280587,0.092169449,0.071210779,0.076784243,0.133939899,0.067542165,0.126388942,0.076482477,0.135139295
0.150256543,0.061419707,0.061134813,0.057170894,0.072760847,0.119110090,0.131614784,0.105449954,0.135633088,0.105449279
0.077259330,0.133664132,0.075982670,0.142957905,0.097358117,0.110159462,0.093056839,0.121043713,0.060996620,0.087521211
0.075183212,0.062573827,0.143153262,0.067399355,0.084927289,0.116108559,0.144483979,0.154419504,0.083012860,0.068738154
0.110557009,0.145133212,0.088428859,0.146931970,0.077128567,0.057050551,0.111250634,0.102137374,0.080381484,0.081000340
0.105782652,0.129504574,0.135527415,0.095185184,0.116338124,0.085012364,0.058704707,0.090103038,0.088724654,0.095117286
0.102320572,0.061242458,0.123293327,0.130890904,0.087923535,0.156834136,0.093981173,0.094283663,0.079869310,0.069360923
0.103653770,0.065832260,0.108808804,0.114448879,0.121051390,0.081930624,0.098840241,0.098039057,0.087320638,0.120074338
0.160198148,0.133641103,0.077178243,0.087070042,0.075632917,0.142823283,0.071363155,0.067695783,0.093573951,0.090823374
0.126255521,0.091999863,0.114878309,0.101566727,0.087360497,0.110986058,0.102346299,0.092149508,0.068117883,0.104339335
0.100451155,0.095177746,0.141233922,0.080061862,0.109417081,0.056947337,0.130548522,0.098415424,0.069206064,0.118540887
0.076089440,0.100950854,0.115625017,0.090597499,0.160896349,0.142491432,0.067860223,0.065646716,0.061776608,0.118065861
0.062064746,0.112105193,0.072546038,0.109501199,0.080077191,0.084297096,0.134042235,0.101926835,0.123133139,0.120306329
0.170365657,0.064613567,0.066091942,0.144405449,0.078096097,0.099231053,0.158915289,0.067312192,0.085807357,0.065161397
0.082145369,0.067403632,0.133966336,0.091194235,0.089234084,0.167199177,0.072417508,0.065818732,0.067781142,0.162839784
0.152684428,0.072153834,0.084837096,0.070669566,0.106599307,0.093620583,0.065649155,0.084070249,0.108936575,0.160779206
0.110585376,0.110520688,0.084917474,0.125724531,0.062123908,0.120810550,0.120385029,0.103858265,0.058474072,0.102600108
0.069011672,0.085449851,0.129238458,0.128677874,0.112103542,0.070159776,0.129601118,0.074012860,0.097800923,0.103943927
0.118824339,0.062355168,0.084278106,0.080396993,0.116662397,0.097878549,0.123273816,0.065307660,0.124894114,0.126128859
0.134324086,0.146011200,0.109652910,0.086764318,0.062887267,0.072242400,0.073058497,0.064569572,0.151242697,0.099247053
0.072574882,0.096176800,0.146481400,0.112486251,0.136535649,0.108355538,0.134546769,0.065873829,0.069590114,0.057378767
0.072339286,0.068054878,0.154191184,0.121134813,0.093071704,0.107813398,0.105760138,0.077723705,0.066569166,0.133341727
0.127896303,0.078454992,0.112102181,0.114968809,0.099123284,0.088691907,0.088198888,0.133320382,0.072112510,0.085130743
0.142395187,0.137510284,0.057892299,0.063299384,0.110123853,0.066050069,0.099836065,0.095436840,0.147706685,0.079749334
0.064665295,0.074910243,0.071819206,0.159119792,0.101535621,0.122940555,0.105281770,0.064897323,0.072579734,0.162250460
0.063863596,0.079451642,0.121459065,0.155232615,0.071980380,0.070563790,0.078295721,0.105436706,0.105347004,0.148369480
0.122011412,0.073002975,0.074606537,0.122038080,0.131524604,0.062468878,0.119995962,0.063968521,0.095625248,0.134757785
0.098157913,0.074007378,0.131137395,0.078591080,0.066419616,0.141727613,0.142651477,0.105802021,0.072947322,0.088558186
0.094983183,0.063306013,0.072908716,0.113588235,0.103403199,0.082009044,0.088692962,0.118389494,0.151614672,0.111104481
0.087612207,0.080110278,0.144048903,0.080483147,0.104791037,0.127834861,0.068081243,0.147717082,0.059335713,0.099985527
0.069677725,0.068461249,0.122276090,0.059824942,0.107687315,0.112093746,0.119587802,0.082600382,0.156044595,0.101746154
0.092981345,0.108196808,0.141975143,0.065693681,0.133706991,0.095174411,0.059134973,0.105393095,0.136759566,0.060983987
0.074897921,0.066612125,0.159598788,0.166055001,0.073874827,0.067116550,0.070075936,0.107190941,0.087242696,0.127335216
0.072277613,0.096600371,0.153596916,0.105963007,0.079134203,0.099817784,0.091745260,0.086360185,0.119384703,0.095119959
0.109850781,0.078702825,0.140805002,0.066026498,0.130029685,0.059323961,0.126863063,0.058151628,0.133961307,0.096285252
0.147038113,0.102489914,0.097211452,0.081153902,0.071977212,0.174515862,0.075253334,0.083662169,0.072936836,0.093761206
0.074725367,0.092352993,0.073353113,0.095292682,0.084761002,0.136185007,0.144159651,0.107567936,0.081337694,0.110264555
0.061056317,0.065369888,0.118361742,0.126538432,0.093930049,0.161530721,0.075729499,0.150673094,0.084384503,0.062425754
0.137951934,0.108642257,0.079085511,0.085591721,0.108483069,0.084403983,0.101965900,0.145083480,0.073227300,0.075564845
0.081088384,0.129469030,0.082598082,0.148137380,0.071121668,0.120581313,0.075366969,0.116375071,0.089620226,0.085641875
0.137443830,0.089375805,0.068550825,0.065861206,0.119284467,0.107996977,0.083341676,0.120872200,0.064569813,0.142703201
0.098019044,0.099865877,0.133978536,0.064517435,0.124810700,0.075178939,0.096451419,0.071501364,0.148111212,0.087565475
0.092937198,0.091993382,0.143228391,0.070975403,0.081600711,0.108903245,0.071944685,0.125247933,0.128831451,0.084337600
0.114803967,0.050642078,0.111772600,0.116798754,0.120287286,0.113339060,0.086738529,0.120355544,0.098485687,0.066776497
0.114422794,0.144423289,0.089786350,0.079629512,0.054481741,0.104462166,0.076539623,0.139935260,0.066882525,0.129436741
0.097340509,0.071018634,0.094055197,0.136481953,0.124601052,0.069093252,0.130162073,0.079708969,0.087161667,0.110376694
0.099244220,0.085990323,0.111831817,0.145339227,0.157629567,0.079205705,0.078676142,0.077652005,0.092903494,0.071527499
0.090607943,0.145196601,0.091648364,0.109285247,0.097633802,0.084743068,0.148749521,0.073439482,0.090836791,0.067859181
0.081834940,0.125340702,0.107077254,0.102423230,0.105443738,0.141003533,0.061804892,0.071506389,0.143340831,0.060224492
0.125385734,0.128310164,0.134330343,0.056922790,0.118113899,0.131578722,0.093464580,0.067236924,0.058778121,0.085878722
0.107945202,0.091291424,0.101240058,0.100540429,0.077252570,0.088371612,0.112448657,0.118452644,0.082299881,0.120157523
0.092909596,0.079458131,0.077334514,0.126253045,0.140024420,0.083788002,0.085674296,0.172736263,0.072136634,0.069685100
0.116272364,0.066440534,0.150269192,0.072467941,0.141624602,0.074092699,0.071131245,0.064620597,0.157194693,0.085886132
0.154260134,0.154501467,0.086369336,0.063443069,0.084322604,0.094115135,0.131569199,0.071808851,0.090130095,0.069480110
0.066579149,0.068696959,0.073666860,0.126402919,0.152190111,0.065893088,0.123423925,0.113818882,0.094131025,0.115197081
0.064918706,0.112468984,0.115454487,0.088423404,0.106025397,0.096896067,0.119728690,0.120418961,0.090403384,0.085261920
0.081238867,0.078275291,0.165852147,0.126974345,0.109971271,0.083876785,0.071392574,0.102569849,0.073771416,0.106077455
0.077692096,0.143750255,0.066818601,0.075523756,0.120318511,0.094870861,0.087758454,0.131898145,0.109298232,0.092071088
0.074339600,0.081722745,0.088623908,0.118002903,0.095380877,0.081899179,0.115489881,0.142140946,0.064947777,0.137452184
0.119931473,0.083343742,0.107650953,0.073709409,0.129260257,0.109089203,0.116264499,0.106109825,0.078925843,0.075714796
0.057727772,0.091633158,0.081826951,0.109131108,0.143112901,0.131591262,0.111708037,0.130483381,0.057597431,0.085187999
0.070029019,0.137107290,0.078908394,0.085416835,0.084961789,0.091310622,0.141692678,0.087613531,0.090894362,0.132065479
0.095598916,0.060678578,0.100601388,0.080184143,0.118013257,0.075728233,0.109974528,0.158526937,0.114628416,0.086065604
0.099776322,0.075344780,0.099863102,0.129037870,0.078614326,0.099078418,0.081500478,0.144139350,0.093597770,0.099047584
0.076319022,0.093026855,0.120601741,0.061670623,0.091768524,0.127806738,0.120076337,0.059419772,0.146810713,0.102499676
0.141114001,0.111492261,0.120206666,0.074048188,0.065308609,0.143477086,0.066548014,0.105375376,0.084703126,0.087726674
0.085487585,0.151791629,0.074964377,0.106147443,0.127841321,0.059713448,0.142159947,0.071559998,0.063830246,0.116504006
0.075227371,0.066948704,0.125409039,0.126998129,0.098805945,0.130416397,0.106680285,0.079179775,0.085374429,0.104959925
0.091240616,0.120155849,0.082750498,0.165211356,0.075000506,0.103983001,0.091627249,0.095208526,0.081948802,0.092873597
0.077056135,0.093086357,0.087686228,0.124885458,0.137143290,0.153577233,0.083226240,0.074911736,0.059469579,0.108957743
0.091418996,0.110939450,0.105899371,0.103585765,0.098572830,0.079150196,0.066584725,0.089974108,0.168686518,0.085188041
0.065245406,0.134177096,0.138623760,0.076738483,0.100223694,0.117475634,0.094372774,0.068253017,0.113197899,0.091692238
0.088302976,0.102324342,0.074845568,0.097867114,0.084903963,0.081186733,0.183302671,0.076058370,0.140968407,0.070239857
0.150125845,0.120298430,0.125876071,0.139928133,0.081131682,0.067065641,0.060161163,0.067949682,0.126526280,0.060937074
0.074663295,0.129926249,0.074089777,0.071065656,0.071186534,0.129080456,0.096859237,0.114350474,0.158675579,0.080102744
0.125948472,0.081636516,0.147873793,0.140642172,0.067284226,0.089703966,0.093515342,0.078713905,0.095384037,0.079297569
0.112727412,0.099476472,0.096908008,0.068946390,0.069286123,0.118450785,0.074035326,0.067512225,0.114979993,0.177677267
0.083033239,0.106471322,0.087681990,0.118985855,0.080682738,0.079136256,0.149614292,0.099783931,0.076974146,0.117636230
0.109388321,0.128796197,0.089022818,0.063887925,0.108618209,0.141935740,0.097492137,0.075365117,0.089834849,0.095658688
0.067631389,0.101608220,0.116949213,0.086607602,0.110127407,0.093136165,0.125536159,0.139869951,0.063596558,0.094937335
0.067463984,0.072165191,0.103034682,0.126685999,0.069928841,0.114892378,0.146464757,0.130369396,0.103287518,0.065707254
0.102599567,0.097200780,0.077524144,0.063396389,0.147077304,0.098080659,0.073895723,0.137297368,0.064793694,0.138134372
0.126117836,0.088128352,0.076410067,0.081962476,0.081434406,0.135789930,0.151928666,0.126795811,0.072544758,0.058887697
0.073026113,0.089006461,0.095213655,0.065391613,0.066037980,0.120318297,0.075346915,0.116213412,0.138396056,0.161049497
0.075175725,0.107414209,0.096592066,0.101962971,0.101247018,0.102092574,0.072743658,0.106388557,0.092339046,0.144044176
0.087244900,0.107905340,0.100672896,0.124281432,0.099845289,0.103601543,0.054001459,0.123793514,0.139044439,0.059609187
0.088336670,0.134478895,0.097804958,0.073970086,0.086940757,0.096339704,0.164129815,0.101211936,0.087390200,0.069396978
0.115420052,0.128692269,0.092720088,0.075471047,0.097044674,0.071310202,0.080180301,0.113125709,0.127815014,0.098220644
0.079899511,0.134418127,0.091604425,0.098440182,0.126988156,0.071835600,0.110142028,0.073882366,0.141244472,0.071545134
0.068737321,0.088890035,0.136695633,0.064948767,0.103749275,0.157335418,0.076058072,0.105181909,0.106280728,0.092122842
0.100888807,0.094349751,0.070297375,0.100099978,0.140406692,0.151079201,0.075434452,0.083080709,0.069316274,0.115046761
0.074733011,0.063349645,0.134996662,0.119860852,0.151641432,0.065380282,0.081498475,0.096493698,0.105220897,0.106825048
0.100322436,0.088273242,0.087555052,0.127911488,0.122159792,0.075609163,0.107158257,0.067044522,0.104017611,0.119948438
0.080155191,0.141940534,0.116704766,0.054344148,0.094676513,0.125589279,0.086115762,0.064111968,0.114178175,0.122183662
