0.107681770,0.085487021,0.105748032,0.166021189,0.086037759,0.074872979,0.070849904,0.073538924,0.099371109,0.130391312
0.157986650,0.119630756,0.123030241,0.072504803,0.104433127,0.064449456,0.080683567,0.102974232,0.085248354,0.089058814
0.072102000,0.085677342,0.094220412,0.100509989,0.149254701,0.141319701,0.112229551,0.064816142,0.092427008,0.087443155
0.094330186,0.124348710,0.063618786,0.136299259,0.098830083,0.079341226,0.145566320,0.092335494,0.081269297,0.084060639
0.115309922,0.130030230,0.058416599,0.096947273,0.118301074,0.067959025,0.093342026,0.088313142,0.138651958,0.092728750
0.080439480,0.104554846,0.117160698,0.082956512,0.069777235,0.069882517,0.132770921,0.105298119,0.137450957,0.099708715
0.090983891,0.094500418,0.088564926,0.111469688,0.106384789,0.083430516,0.065599951,0.133623106,0.136415346,0.089027370
0.083482707,0.101694195,0.070546355,0.139435727,0.085315694,0.168744713,0.081804393,0.094926806,0.103535454,0.070513958
0.089545493,0.072866908,0.090678929,0.108899013,0.108050841,0.097245895,0.157626563,0.132813875,0.073054563,0.069217920
0.157878779,0.070027396,0.087763926,0.081528263,0.069623524,0.162557344,0.095779860,0.089432067,0.097733081,0.087675758
0.136321960,0.140125050,0.066289081,0.121979147,0.070606096,0.085929128,0.116352289,0.055511547,0.140909909,0.065975793
0.058903672,0.093817648,0.082183015,0.147295806,0.096615432,0.107625949,0.132531597,0.104408178,0.061974576,0.114644128
0.128020451,0.070292387,0.085132742,0.064936246,0.071270758,0.064297616,0.115598320,0.097288074,0.139060068,0.164103336
0.054410166,0.063714227,0.123325169,0.127072162,0.088331934,0.084353714,0.112784134,0.102500525,0.130903025,0.112604945
0.058839167,0.146851716,0.118327114,0.082072263,0.087382753,0.110186593,0.074623410,0.056832773,0.111832962,0.153051249
0.158207364,0.068483754,0.078869378,0.102630521,0.095038206,0.128890469,0.092977638,0.088679164,0.105701179,0.080522326
0.075595453,0.066268533,0.151159269,0.112808022,0.083991651,0.095536882,0.124729958,0.082280430,0.095787744,0.111842057
0.145465294,0.104464111,0.110386809,0.106174152,0.126609438,0.064064754,0.116578490,0.057736885,0.068176673,0.100343395
0.084102095,0.103960883,0.068618437,0.143697417,0.055346641,0.133485079,0.116797910,0.084335593,0.072530489,0.137125456
0.126172778,0.075727845,0.071872076,0.143605246,0.145235773,0.085783790,0.091185588,0.086067504,0.088937611,0.085411789
0.076913423,0.117802566,0.128311412,0.071863645,0.096007461,0.052341064,0.124374827,0.090004932,0.107277214,0.135103455
0.097971149,0.092444754,0.130941534,0.115689796,0.102829554,0.076341400,0.078488855,0.106706791,0.104860496,0.093725672
0.126582320,0.120101147,0.111634290,0.108811160,0.049296110,0.082830317,0.076600549,0.087158171,0.118278745,0.118707190
0.137594238,0.067674016,0.066767583,0.116326569,0.123756749,0.127467476,0.109785612,0.111177361,0.067513528,0.071936870
0.107392213,0.136419545,0.079646003,0.093811952,0.110256034,0.075250473,0.153867200,0.069298004,0.084637074,0.089421502
0.104837468,0.117280791,0.121035036,0.072862781,0.082987143,0.059361096,0.096104449,0.115624643,0.128035738,0.101870856
0.092438745,0.116928154,0.075180570,0.154634232,0.132050571,0.061998598,0.115746806,0.070951900,0.063733482,0.116336943
0.132262356,0.063554613,0.118255553,0.098755001,0.151075986,0.098773185,0.064962346,0.078445112,0.066842463,0.127073385
0.143252989,0.083270871,0.083234487,0.071986689,0.106081497,0.091526682,0.063151864,0.133977905,0.148804771,0.074712244
0.117262193,0.057978591,0.112551878,0.076389556,0.100562205,0.123964915,0.112957816,0.143202932,0.092027838,0.063102076
0.088444815,0.097724443,0.108586040,0.107863514,0.099094174,0.081501411,0.104741343,0.080729400,0.152379907,0.078934953
0.125635427,0.145992186,0.110436385,0.122168588,0.091425755,0.081261099,0.081535280,0.088291254,0.080320544,0.072933483
0.086757203,0.116861617,0.153897711,0.151076377,0.117583965,0.060446273,0.085108701,0.073669085,0.092381731,0.062217338
0.068754884,0.150865912,0.112420927,0.090678496,0.077537190,0.079894229,0.097346531,0.073163958,0.104528272,0.144809599
0.072730526,0.096505747,0.092825413,0.094085954,0.121098000,0.070084594,0.085453967,0.146257660,0.090620000,0.130338139
0.087698761,0.065316308,0.129876618,0.122587418,0.057494326,0.094523924,0.135909253,0.124849518,0.074365540,0.107378335
0.083479266,0.131873470,0.111445041,0.093199518,0.089112230,0.138939754,0.090502781,0.111440218,0.053783544,0.096224178
0.109588362,0.074521583,0.094850468,0.074913275,0.096677006,0.117153890,0.099220724,0.131282834,0.115388158,0.086403700
0.106096881,0.069934297,0.101806303,0.091673662,0.121680980,0.096603728,0.111229967,0.099155510,0.077953210,0.123865462
0.102967065,0.105294444,0.096943338,0.112997816,0.128843314,0.132309256,0.051650821,0.134441798,0.083514828,0.051037320
0.102496280,0.132814234,0.074827755,0.097687945,0.111677207,0.067104319,0.079940898,0.128691802,0.117553449,0.087206110
0.059440252,0.116084108,0.116598688,0.095584218,0.068198250,0.125864661,0.100220001,0.080157202,0.129017164,0.108835456
0.067236563,0.094682746,0.145679627,0.085630555,0.110260689,0.066304481,0.168416527,0.123672413,0.071862113,0.066254286
0.070271817,0.072612262,0.103560950,0.078081263,0.091788320,0.080452885,0.104616281,0.148430785,0.117531490,0.132653947
0.086475653,0.100793919,0.099160925,0.075338248,0.071667535,0.157455352,0.064164584,0.133552981,0.086305680,0.125085122
0.076223899,0.123060538,0.062861592,0.069890941,0.145657738,0.083617977,0.152215852,0.073606891,0.088419819,0.124444754
0.075108286,0.107665575,0.126362066,0.082134837,0.075045391,0.139804799,0.108034147,0.101087501,0.112047288,0.072710111
0.133522112,0.134993072,0.091316213,0.075319586,0.068372564,0.103913780,0.124504989,0.114079570,0.087445804,0.066532311
0.085736105,0.106497526,0.057239941,0.150377333,0.091567527,0.102699907,0.079616343,0.142077479,0.102332085,0.081855757
0.120519489,0.060639819,0.065204952,0.095315823,0.138842286,0.097511956,0.136684554,0.093513298,0.082304526,0.109463298
0.094995342,0.138294623,0.063145016,0.129499959,0.107523832,0.102567142,0.064235418,0.154562598,0.077244177,0.067931893
0.109464611,0.119117047,0.092296640,0.086870013,0.113600438,0.127311135,0.080510576,0.084623436,0.105944068,0.080262035
0.089079513,0.138541555,0.078132674,0.099662008,0.104542125,0.134559088,0.122903046,0.083303666,0.071783870,0.077492455
0.127648498,0.076968793,0.076534758,0.075455421,0.144575201,0.119343707,0.061999888,0.135987015,0.081458830,0.100027890
0.097568207,0.120657232,0.128810852,0.095622404,0.071229208,0.116039958,0.077498184,0.130700531,0.084382751,0.077490675
0.117377268,0.118132189,0.129349970,0.112691694,0.079371987,0.084868250,0.079170799,0.069232937,0.108877111,0.100927795
0.080148457,0.147954307,0.096873699,0.140356894,0.059825364,0.063281902,0.064513953,0.149366771,0.136441117,0.061237536
0.088586962,0.110419801,0.104080391,0.116952528,0.073467672,0.065686723,0.081237975,0.139562302,0.142575672,0.077429973
0.085938727,0.088828271,0.098990615,0.068285527,0.068782648,0.074217980,0.124107953,0.153560206,0.155933230,0.081354844
0.067036780,0.086649519,0.101810172,0.154090672,0.098792294,0.101616499,0.124029735,0.087804379,0.076997073,0.101172876
0.059820693,0.107807151,0.063327845,0.063160408,0.103555812,0.139838766,0.136366100,0.140552462,0.074887073,0.110683692
0.069523358,0.085021720,0.063849988,0.074977508,0.103784693,0.155222662,0.152771155,0.126328009,0.061337897,0.107183011
0.070490390,0.071292816,0.114643849,0.111361554,0.073482370,0.069657304,0.123350672,0.129550434,0.085736587,0.150434025
0.084070657,0.156801498,0.070027597,0.116718668,0.071587045,0.110627055,0.138226373,0.086414521,0.098256392,0.067270194
0.070164097,0.103714518,0.081862809,0.084337373,0.111755044,0.089321266,0.084173741,0.146263531,0.145517185,0.082890437
0.075904521,0.059124509,0.080915010,0.118743541,0.090763773,0.118437541,0.103379749,0.090810589,0.129657860,0.132262908
0.083438682,0.096396759,0.075068773,0.103457805,0.119150008,0.079863282,0.091815664,0.161386742,0.072975879,0.116446407
0.114130340,0.102442952,0.113770945,0.093046310,0.070396827,0.067698565,0.101445469,0.161815589,0.072344294,0.102908708
0.098582760,0.095849206,0.076679556,0.099162682,0.139927956,0.069378826,0.108570128,0.136154389,0.094395099,0.081299398
0.133280305,0.072874378,0.077971531,0.150121290,0.103552349,0.084055971,0.068323339,0.084345732,0.104040588,0.121434517
0.072270093,0.099308356,0.132072617,0.092490538,0.135344865,0.136956806,0.107646869,0.076047053,0.071019014,0.076843788
0.127947249,0.096058013,0.063639888,0.142323535,0.064916520,0.162402881,0.067164109,0.070257676,0.138445949,0.066844181
0.087732492,0.065679358,0.080812695,0.061637158,0.142352099,0.099321956,0.132058392,0.069067243,0.140599514,0.120739094
0.087468253,0.101471284,0.148879599,0.087212765,0.065740711,0.085057800,0.101925189,0.145805380,0.077403955,0.099035064
0.071998582,0.066821625,0.108476722,0.150249158,0.165462876,0.087594221,0.107760717,0.070324654,0.092831148,0.078480297
0.112023503,0.077607871,0.158917466,0.090343649,0.127753745,0.101912579,0.066815580,0.090784253,0.106467009,0.067374344
0.078633167,0.143792017,0.136838336,0.096735862,0.077328580,0.057492458,0.141404953,0.074475250,0.128543972,0.064755406
0.090542429,0.087638028,0.077491487,0.089714296,0.133434901,0.150453982,0.117809077,0.088102091,0.067331652,0.097482057
0.089552415,0.063373878,0.127821908,0.069756003,0.094238368,0.131785001,0.092952602,0.132969361,0.114442865,0.083107599
0.076695048,0.074926953,0.093184400,0.135622437,0.100045757,0.106081235,0.105807004,0.133569097,0.067891884,0.106176186
0.074316543,0.124768783,0.098792452,0.071125003,0.129925729,0.108388616,0.055522728,0.083235446,0.142049172,0.111875529
0.074803206,0.079161770,0.130805454,0.065234244,0.083378965,0.129415533,0.072583510,0.157981932,0.094257344,0.112378042
0.064034203,0.143798904,0.100848356,0.103837658,0.123375747,0.061325578,0.130232560,0.081944655,0.126205350,0.064396990
0.076626320,0.068998244,0.124048153,0.087710844,0.132352323,0.126347597,0.087750920,0.095883897,0.071550971,0.128730732
0.069056334,0.076867085,0.117928535,0.115905632,0.094415110,0.091770759,0.079551868,0.107733191,0.116502001,0.130269485
0.074899937,0.141600528,0.064679879,0.106155498,0.145345826,0.122555219,0.090711665,0.059439532,0.069279527,0.125332389
0.153878185,0.091563756,0.067417996,0.091116088,0.066353586,0.139589473,0.143018942,0.088834968,0.068410499,0.089816508
0.058992776,0.076823486,0.065656917,0.123363487,0.124119297,0.155601647,0.060218379,0.143194096,0.110496311,0.081533605
0.065280079,0.071498681,0.073744202,0.077722261,0.108331691,0.087095720,0.146198903,0.125720950,0.130781592,0.113625922
0.094477256,0.072421434,0.080446082,0.117653708,0.064622220,0.062037277,0.138296148,0.112224311,0.110647699,0.147173864
0.071253492,0.155760502,0.108771342,0.064604260,0.088645652,0.094911306,0.068525343,0.103886946,0.159781966,0.083859190
0.132153241,0.097644159,0.071177513,0.083765592,0.082569950,0.152739675,0.102595241,0.114926195,0.071447687,0.090980747
0.067218885,0.129111349,0.075297817,0.127202090,0.091333054,0.062642734,0.132032278,0.067258633,0.106100027,0.141803134
0.123952982,0.069528594,0.092565970,0.090905659,0.091869547,0.110139899,0.106632143,0.066585905,0.086295104,0.161524197
0.126663950,0.118086215,0.136959895,0.070618884,0.070173421,0.063279585,0.110211569,0.113731498,0.115709945,0.074565037
0.109646383,0.085741347,0.130199902,0.050848426,0.105542695,0.112436347,0.120910713,0.059116993,0.095052819,0.130504375
0.088632615,0.066940902,0.074600285,0.108787274,0.107276632,0.086473280,0.106751940,0.110051865,0.093544259,0.156940949
0.097166540,0.128585124,0.116446042,0.088477088,0.125519440,0.068520761,0.085877416,0.140720319,0.079304845,0.069382425
0.066811433,0.097929064,0.063596555,0.120607321,0.124850752,0.111743835,0.154163494,0.065424438,0.123679907,0.071193201
0.119189708,0.151716762,0.103457889,0.153258231,0.068801436,0.074410419,0.071341474,0.065231711,0.110115340,0.082477030
0.061156633,0.087912802,0.083662124,0.070907029,0.115733515,0.155860347,0.131117214,0.107464943,0.102517226,0.083668168
0.124109681,0.084878332,0.091612244,0.142660165,0.106594577,0.083524544,0.082521992,0.115991180,0.107028171,0.061079113
0.072345644,0.142939123,0.072648040,0.120716488,0.088855934,0.064012024,0.126918957,0.122600241,0.061640089,0.127323458
0.091613221,0.114405773,0.120547571,0.087492784,0.102250612,0.099037351,0.087566707,0.085596296,0.081136716,0.130352969
0.066932984,0.157077094,0.071081812,0.100484268,0.134991861,0.065137034,0.075574167,0.070266661,0.118093962,0.140360158
0.101337896,0.077784351,0.133987319,0.129810266,0.066785466,0.155193061,0.072986204,0.103974165,0.088358748,0.069782522
0.090748447,0.131684016,0.121932530,0.127014447,0.071246189,0.143680923,0.094013000,0.075147416,0.064745046,0.079787986
0.087189844,0.103402225,0.087076847,0.119273994,0.081054850,0.139135719,0.107794364,0.111189690,0.103646560,0.060235906
0.109054697,0.089620308,0.137518464,0.117519934,0.089811038,0.107495629,0.070964265,0.116280717,0.104780304,0.056954645
0.112843054,0.115003592,0.136893041,0.063993018,0.104652334,0.063270711,0.106371399,0.101291297,0.098926546,0.096755008
0.060111111,0.062542926,0.125748423,0.104183945,0.109282564,0.139929373,0.081566575,0.068829902,0.145939604,0.101865577
0.090376806,0.082306034,0.072898681,0.074027746,0.108606723,0.128181806,0.107450735,0.154683758,0.077135829,0.104331881
0.105916110,0.096444477,0.127981305,0.086259357,0.095603894,0.080359218,0.089769946,0.093817324,0.124804860,0.099043510
0.077635904,0.096071114,0.119944312,0.088306731,0.070213502,0.122388851,0.165531775,0.095046041,0.095774654,0.069087115
0.078941466,0.122884604,0.099291067,0.122459182,0.087625739,0.093755510,0.078536803,0.133042324,0.088647718,0.094815585
0.103391352,0.063063738,0.083492544,0.138635745,0.120722751,0.080347403,0.126194051,0.079898928,0.076409418,0.127844069
0.109263901,0.058565405,0.066226034,0.075561447,0.086190945,0.138718858,0.155136516,0.094416692,0.074227578,0.141692625
0.066516844,0.159137983,0.085710687,0.102775702,0.095950672,0.072588910,0.069867836,0.090642882,0.097922534,0.158885951
0.059539034,0.070900013,0.087984219,0.088063218,0.120099584,0.142924709,0.061288500,0.151490960,0.094592293,0.123117470
0.143368617,0.133560465,0.060459322,0.127250893,0.137642450,0.101508146,0.059497509,0.113871567,0.060912586,0.061928445
0.118649436,0.096787198,0.082346706,0.080787054,0.069509803,0.131482066,0.102489264,0.076954383,0.103817956,0.137176135
0.099055900,0.098755470,0.125566237,0.152267901,0.077753184,0.069124485,0.111727390,0.098439547,0.092591157,0.074718729
0.072498634,0.112726722,0.094810964,0.123233492,0.066957008,0.077773839,0.130371034,0.135243118,0.118459830,0.067925361
0.083094837,0.088867205,0.081496957,0.109273579,0.121712115,0.066124895,0.086380479,0.130411094,0.115916372,0.116722467
0.100631702,0.088715460,0.085999538,0.078995717,0.090038120,0.136831192,0.115313493,0.137010610,0.100923728,0.065540440
0.124145369,0.056993927,0.124869812,0.087615201,0.110867828,0.098627976,0.059902192,0.085660418,0.115647645,0.135669632
0.139616087,0.122233793,0.070736458,0.072101683,0.105728072,0.086575775,0.064752616,0.110448470,0.133138585,0.094668461
0.136169151,0.076136160,0.095932588,0.064614823,0.145506054,0.086224896,0.085636569,0.060241514,0.139287966,0.110250280
0.067575549,0.164256588,0.063884295,0.069312963,0.124468488,0.112652002,0.088245867,0.092999535,0.124681593,0.091923120
0.084168221,0.111195981,0.103287482,0.085496093,0.120280580,0.132606378,0.127678967,0.061362699,0.091183816,0.082739784
0.149000605,0.139729777,0.066553596,0.071314474,0.122688497,0.145552973,0.088934344,0.061218205,0.074536834,0.080470696
0.131343052,0.085710574,0.060365424,0.135981082,0.139641936,0.064221242,0.091891570,0.122534976,0.108899725,0.059410419
0.165098428,0.101403234,0.075643971,0.080540471,0.101267500,0.104491598,0.127286833,0.088432700,0.075572515,0.080262751
0.076903846,0.130372887,0.102754807,0.058353538,0.110313731,0.078990464,0.127055777,0.074090358,0.125834086,0.115330506
0.121739907,0.061018918,0.087882092,0.143128003,0.077538866,0.115478244,0.075636299,0.129667057,0.108087609,0.079823005
0.139408219,0.069174215,0.101416005,0.080594835,0.067730337,0.117942007,0.140028045,0.129848610,0.092193895,0.061663831
0.127920094,0.077135278,0.060420297,0.085420564,0.145508603,0.105708469,0.148142983,0.076456721,0.096665030,0.076621961
0.057190496,0.140972462,0.093055720,0.085397937,0.079335736,0.091067573,0.142382689,0.111670554,0.121535497,0.077391335
0.111989530,0.060936181,0.069514773,0.084864416,0.074414483,0.105679812,0.116086022,0.127862200,0.141563267,0.107089318
0.076651394,0.105712140,0.082527227,0.114260190,0.093676499,0.088638178,0.093178561,0.084461315,0.149707887,0.111186610
0.079234510,0.132817702,0.076531057,0.118687387,0.127256429,0.066319895,0.117842232,0.137845849,0.058432482,0.085032457
0.079085051,0.166872766,0.136452213,0.074692199,0.081928559,0.085434839,0.067730339,0.109917784,0.085900420,0.111985829
0.096845138,0.132416532,0.129308618,0.059681042,0.119245622,0.082239368,0.070236788,0.106894437,0.084302919,0.118829535
0.145138142,0.092114568,0.115250693,0.089765265,0.129801912,0.116511039,0.086655794,0.065419764,0.099655628,0.059687195
0.131784030,0.064215301,0.067180918,0.075285307,0.128472290,0.095739802,0.145531906,0.084518624,0.064139618,0.143132203
0.079622945,0.050437668,0.082815506,0.116645751,0.120077531,0.084380456,0.108279096,0.126856924,0.111566186,0.119317937
0.124366987,0.077061356,0.122429415,0.059129696,0.127150286,0.063349823,0.124941244,0.111036213,0.111086642,0.079448337
0.119738880,0.092632690,0.095589005,0.080957820,0.149709794,0.063762427,0.073531692,0.120651835,0.136239539,0.067186317
0.080691990,0.144570762,0.122573131,0.079162194,0.065857425,0.137683006,0.096052908,0.082756862,0.104792572,0.085859150
0.123601478,0.056651822,0.105615581,0.109682272,0.135933752,0.131827500,0.100910627,0.073980831,0.107312278,0.054483860
0.116354318,0.066738177,0.121028766,0.065035279,0.111140036,0.076754632,0.140725044,0.113983897,0.082126018,0.106113832
0.129453566,0.072732724,0.136231332,0.117469697,0.093496795,0.082051012,0.088144329,0.063002566,0.134560422,0.082857557
0.080073571,0.087342163,0.061167142,0.120762676,0.124826521,0.087027356,0.088599909,0.102564101,0.124118093,0.123518468
0.066530557,0.126697602,0.095625839,0.109768291,0.098075584,0.146968824,0.129712601,0.057688426,0.085953910,0.082978367
0.143594207,0.073511508,0.110183086,0.086496288,0.072591227,0.089421497,0.099203990,0.128743833,0.061518117,0.134736247
0.061280334,0.074042658,0.148555262,0.120426071,0.148950461,0.077163682,0.091336869,0.080253230,0.071230364,0.126761069
0.069484056,0.153685866,0.066364007,0.088796695,0.106529525,0.103123547,0.098824199,0.130351172,0.114973095,0.067867838
0.090159950,0.135012203,0.121813621,0.073333163,0.072107638,0.161892427,0.079254386,0.106827765,0.092536791,0.067062056
0.116823529,0.116152484,0.064334062,0.121418438,0.076704668,0.080281877,0.121124444,0.103575713,0.120717268,0.078867515
0.059079068,0.095980365,0.071959255,0.092695186,0.093666491,0.147438962,0.082847343,0.101786288,0.118987432,0.135559610
0.082656925,0.109046621,0.071930524,0.131958017,0.094924482,0.088072180,0.146682502,0.130080042,0.060698832,0.083949878
0.070931376,0.104359183,0.147363010,0.085568330,0.088496279,0.100253483,0.151790528,0.061929493,0.092347001,0.096961316
0.150446783,0.113914178,0.163143713,0.070379569,0.074400108,0.079446980,0.119019657,0.071389585,0.079157094,0.078702333
0.104198638,0.094617918,0.119860647,0.118189678,0.086082556,0.054726576,0.072092328,0.146549282,0.073991611,0.129690766
0.096845909,0.085408567,0.078645062,0.146949464,0.112315136,0.113074073,0.122046557,0.065548522,0.071891517,0.107275193
0.150579211,0.078268100,0.114364751,0.132860894,0.105617263,0.107299345,0.097104447,0.068319213,0.068483664,0.077103112
0.071968499,0.125335538,0.114903041,0.083812291,0.063358793,0.090397278,0.134106051,0.101018026,0.140578134,0.074522350
0.121280707,0.104222473,0.063102327,0.053562839,0.138470967,0.131576253,0.076582189,0.092406944,0.131012068,0.087783232
0.115540145,0.125600760,0.107765750,0.104430735,0.101709157,0.065930246,0.087302907,0.069449425,0.078324073,0.143946802
0.078961781,0.069243691,0.133356844,0.131542613,0.128481750,0.077936710,0.104633392,0.079172943,0.064458741,0.132211535
0.120725800,0.114210083,0.129017581,0.090515981,0.073694372,0.128984597,0.082650074,0.101417505,0.068328854,0.090455152
0.076229346,0.180548934,0.071875151,0.083182210,0.123160108,0.102858995,0.094844019,0.097430622,0.098823520,0.071047094
0.060553821,0.079422638,0.129373168,0.080279308,0.134436535,0.099190626,0.088383451,0.103975552,0.107873254,0.116511647
0.144957629,0.063930950,0.061183493,0.086418038,0.124843850,0.070265878,0.132523300,0.092551716,0.082951961,0.140373185
0.079895962,0.133730077,0.150074536,0.085268002,0.077525878,0.075182992,0.147989339,0.078894035,0.095869730,0.075569450
0.084353332,0.090033628,0.081615696,0.136307907,0.068342965,0.073170705,0.066722581,0.140595937,0.097554169,0.161303081
0.090710728,0.069488710,0.135125560,0.112684191,0.070193957,0.122276799,0.091062051,0.114475283,0.093587591,0.100395130
0.091129736,0.131367009,0.094097613,0.087884251,0.068678816,0.137702639,0.122399397,0.102986177,0.074275967,0.089478395
0.155232241,0.111492067,0.070916998,0.074900172,0.106545650,0.106638837,0.063533231,0.090598758,0.108503139,0.111638908
0.062238234,0.141740211,0.133123951,0.116285592,0.083354394,0.066329342,0.107192752,0.089800956,0.128222762,0.071711806
0.119658870,0.065351231,0.088610681,0.114673106,0.065235141,0.122742714,0.075439230,0.112458889,0.148819008,0.087011129
0.092611083,0.113698984,0.089219640,0.093612355,0.131088370,0.128446333,0.109054698,0.099330205,0.067584002,0.075354330
0.073673606,0.065956091,0.071659681,0.076992735,0.090849646,0.113288007,0.077948731,0.177993815,0.099250613,0.152387075
0.116742401,0.059124170,0.068563371,0.080021282,0.102331022,0.107089124,0.136402034,0.080697806,0.103964898,0.145063892
0.086423937,0.159609658,0.079975428,0.098429144,0.078363399,0.105722732,0.103712893,0.115000447,0.082177813,0.090584550
0.083374076,0.072578523,0.152044949,0.067052974,0.081687053,0.078811231,0.093179078,0.129506456,0.125037933,0.116727727
0.097985476,0.099923584,0.127334985,0.116296692,0.093977031,0.088739785,0.074438493,0.120276595,0.111894966,0.069132394
0.101492722,0.077057238,0.120546309,0.072440562,0.077997198,0.133045465,0.103026425,0.080022549,0.090584326,0.143787208
0.059148269,0.126259538,0.062497629,0.112271985,0.110767712,0.064998289,0.089399818,0.123434715,0.117853495,0.133368551
0.118513510,0.128936076,0.086201389,0.088158564,0.079475023,0.084472768,0.120132257,0.109374130,0.066275615,0.118460669
0.112090543,0.106368393,0.154126459,0.083200367,0.085684004,0.103777244,0.084778571,0.129531191,0.060944819,0.079498409
0.091695358,0.066352482,0.084039593,0.120020185,0.121534702,0.078644225,0.141571235,0.089389350,0.097170889,0.109581981
0.064827145,0.118875017,0.136400651,0.084286924,0.102770713,0.124516138,0.080918950,0.067565962,0.094692979,0.125145522
0.124268336,0.113110007,0.056224607,0.056026726,0.092796540,0.085932879,0.142393372,0.106398793,0.079422581,0.143426159
0.122505160,0.143979430,0.080582646,0.094733195,0.104460945,0.067272839,0.094028844,0.078854710,0.075686780,0.137895451
0.079160948,0.061365148,0.138354466,0.111651674,0.128420705,0.058114632,0.127009386,0.147204229,0.064640408,0.084078403
0.090739281,0.060401403,0.127920557,0.130100776,0.113734898,0.072793129,0.074985300,0.058098321,0.152156091,0.119070245
0.080578960,0.102927387,0.109466677,0.108745132,0.090723005,0.104628599,0.089434796,0.126033536,0.061987328,0.125474582
0.131370053,0.074381302,0.071495868,0.099370302,0.142041062,0.099060549,0.065293257,0.115544616,0.099383451,0.102059540
0.077937783,0.127935438,0.094711073,0.083132801,0.074829172,0.160027345,0.096344785,0.109086473,0.098105691,0.077889440
0.113190010,0.068837084,0.078477228,0.095533006,0.142880180,0.116595680,0.141024887,0.057871498,0.065669659,0.119920768
0.071457768,0.160081297,0.083392989,0.143288551,0.082670354,0.079069339,0.080109052,0.152744032,0.070569426,0.076617191
0.064275572,0.069652177,0.085619565,0.109858036,0.111865648,0.121143342,0.134797067,0.137195638,0.097328214,0.068264741
0.086531349,0.057040105,0.059754402,0.143436146,0.076714416,0.104709309,0.116549117,0.139429941,0.145800293,0.070034923
0.092169521,0.107405141,0.101939751,0.067128727,0.132397029,0.087041179,0.085157509,0.096744281,0.144961016,0.085055848
0.088773138,0.089700916,0.076702387,0.138509424,0.060507957,0.062236944,0.077453328,0.161454775,0.146883565,0.097777566
0.078763386,0.068873387,0.064455668,0.061129985,0.159718095,0.141294149,0.094933229,0.063383755,0.107335632,0.160112715
0.104724625,0.092743132,0.103372851,0.130613666,0.098937706,0.089593805,0.118875992,0.091214802,0.075451806,0.094471616
0.062663883,0.079581735,0.088316869,0.083058485,0.148964120,0.098385638,0.090466351,0.153786823,0.065566639,0.129209459
0.079967912,0.119455958,0.073600565,0.161661136,0.122856791,0.094047744,0.091588813,0.099274647,0.096198586,0.061347848
0.076664149,0.084276774,0.137476351,0.082505383,0.078858587,0.074407696,0.125093828,0.119232927,0.080323573,0.141160731
0.079268473,0.069884202,0.109985411,0.147644539,0.073443983,0.128134489,0.145568638,0.080265628,0.092987121,0.072817516
0.145915603,0.089951224,0.065754450,0.082925931,0.110503384,0.116738031,0.135093607,0.070927408,0.123890139,0.058300223
0.106797273,0.121395474,0.102359441,0.074233436,0.052650322,0.095283350,0.119711721,0.110832391,0.102226123,0.114510468
0.056927713,0.097404241,0.074515347,0.122470468,0.113074829,0.084681726,0.107521897,0.116353546,0.093025231,0.134025003
0.071252298,0.074791379,0.167079021,0.064667293,0.134792341,0.092578587,0.131422269,0.078008542,0.092166029,0.093242241
0.126914361,0.079000832,0.085929646,0.071173135,0.087064270,0.119800362,0.163534752,0.075588814,0.103386500,0.087607327
0.079577639,0.071009080,0.076574019,0.115740667,0.122985090,0.064387453,0.126611684,0.135735041,0.137961475,0.069417852
0.067398607,0.151123759,0.076406011,0.100996091,0.113526970,0.073601710,0.147620172,0.102877627,0.100693036,0.065756017
0.059909701,0.154378231,0.093045012,0.078314905,0.142944971,0.094287545,0.082300668,0.110934902,0.122734763,0.061149301
0.072694536,0.095858250,0.164908682,0.112872131,0.067862861,0.071624067,0.108794548,0.082430864,0.088349577,0.134604485
0.065457440,0.111934394,0.082750347,0.112189247,0.073680655,0.077398143,0.119662664,0.074052952,0.140263700,0.142610458
0.064578383,0.084646605,0.089048874,0.105674378,0.079609255,0.127543498,0.067999407,0.084736716,0.142517979,0.153644905
0.074747763,0.089336923,0.072201335,0.162451193,0.143391443,0.081210390,0.072692338,0.101138207,0.135542530,0.067287878
0.113269529,0.112318560,0.117493757,0.065731336,0.071174646,0.105644642,0.171303165,0.096185788,0.066390034,0.080488545
0.099050478,0.081339839,0.116271827,0.071274038,0.139681523,0.160026453,0.067771972,0.095751252,0.065218332,0.103614287
0.091513950,0.126547513,0.100542445,0.088957073,0.103730920,0.093084246,0.080506469,0.115291633,0.093601492,0.106224259
0.087130891,0.113772662,0.086730816,0.079074326,0.089343487,0.161736694,0.089154677,0.108722030,0.064883691,0.119450726
0.074078681,0.087117677,0.104663375,0.062823523,0.141726139,0.080727020,0.138712628,0.101333177,0.122317416,0.086500363
0.127946888,0.150551651,0.058247582,0.066988147,0.080487371,0.095311918,0.078916853,0.086878633,0.116684341,0.137986614
0.135012773,0.096620777,0.064081627,0.064518267,0.100630376,0.092117556,0.111163017,0.114989753,0.092308341,0.128557512
0.147680375,0.114704525,0.064495990,0.138618683,0.075501225,0.095584522,0.089204637,0.077299500,0.119447090,0.077463452
0.065369804,0.101666383,0.117125962,0.104812906,0.072562332,0.110908586,0.110853598,0.127409313,0.098527458,0.090763658
0.133888284,0.056887978,0.116757629,0.111456735,0.138826262,0.072258168,0.103435916,0.133100778,0.058343116,0.075045134
0.136086694,0.081694514,0.093089854,0.097607700,0.118491076,0.114186759,0.098412856,0.128277163,0.058971889,0.073181496
0.091594038,0.079577753,0.122180884,0.136618473,0.074170851,0.077909872,0.104603833,0.102362497,0.095701477,0.115280322
0.142103176,0.058108816,0.102948344,0.087032485,0.084696507,0.130537757,0.068293430,0.128806595,0.077004992,0.120467898
0.115028850,0.148980209,0.083505326,0.060224473,0.135292804,0.110082280,0.081016473,0.087980221,0.090341809,0.087547554
0.099032012,0.072325224,0.135925247,0.077286351,0.121955010,0.084238527,0.069444143,0.132925691,0.106712841,0.100154954
0.088422430,0.077578206,0.077688540,0.095418830,0.067633178,0.125688149,0.074481488,0.136440790,0.156222960,0.100425428
0.064113970,0.117912835,0.090526535,0.062125040,0.134920692,0.125144106,0.134529892,0.059839747,0.102969064,0.107918119
0.120096507,0.114558141,0.076923758,0.066732022,0.112310366,0.115453679,0.102257348,0.108862226,0.123077149,0.059728805
0.088252180,0.161602987,0.073225728,0.128111328,0.082878091,0.085356740,0.083015313,0.089644414,0.135204888,0.072708333
0.120048998,0.095592823,0.089252726,0.132368026,0.101708166,0.095308312,0.106719646,0.103385304,0.071660986,0.083955012
0.060711079,0.108866858,0.130016219,0.134209066,0.069118153,0.093741598,0.056316727,0.093247702,0.131334342,0.122438257
0.130032822,0.089784030,0.075448992,0.126086235,0.158345811,0.064156767,0.117207698,0.069121323,0.059791660,0.110024663
0.098770015,0.092417963,0.080119179,0.057446510,0.128460856,0.135771621,0.120831484,0.096336372,0.102955269,0.086890731
0.093946586,0.157023107,0.076443269,0.151711681,0.078070562,0.068580883,0.114357965,0.077773209,0.088103456,0.093989281
0.083920815,0.103191616,0.122833582,0.074486393,0.119869875,0.111934712,0.081815117,0.128610406,0.076931864,0.096405621
0.070661937,0.126009965,0.080096521,0.123980799,0.109168776,0.147832667,0.096682130,0.067997519,0.117424326,0.060145360
0.094830494,0.108698994,0.086066850,0.093363084,0.085072148,0.085708720,0.105167430,0.123178475,0.077692356,0.140221449
0.142686656,0.069274038,0.123256864,0.067507990,0.087033778,0.145890621,0.082361502,0.075898439,0.076658054,0.129432058
0.089914864,0.126191479,0.110919458,0.068527077,0.104540032,0.127302441,0.128835508,0.059448456,0.078494490,0.105826194
0.106530142,0.109556033,0.140741559,0.109990015,0.104184822,0.090992335,0.067359359,0.128017331,0.058598372,0.084030031
0.081079292,0.068460500,0.109598187,0.160244151,0.068766274,0.095222178,0.120514257,0.095334795,0.087032578,0.113747786
0.109665089,0.119824918,0.087754831,0.076844237,0.073421266,0.116749847,0.092531910,0.118110202,0.097375725,0.107721976
0.156802248,0.115078357,0.065594978,0.075680444,0.060972135,0.149762088,0.071164772,0.136718469,0.070210422,0.098016087
0.103385191,0.079296672,0.087852230,0.067444851,0.085725718,0.138460670,0.091485542,0.120772090,0.121618281,0.103958753
0.076067540,0.111821225,0.087871047,0.111443863,0.077557023,0.065830952,0.138325221,0.084197151,0.151865707,0.095020272
0.148910306,0.095868796,0.093424442,0.134362382,0.065423398,0.099183972,0.127759902,0.061449394,0.108296432,0.065320976
0.133499283,0.066576004,0.085160425,0.076243147,0.083043424,0.071056747,0.098842245,0.151133242,0.092928848,0.141516634
0.089442547,0.070534231,0.100780821,0.149156625,0.135325493,0.114885377,0.100792315,0.060863712,0.096308896,0.081909983
0.109682436,0.110401602,0.120538920,0.100872996,0.080680541,0.112622935,0.082964984,0.061625743,0.092839869,0.127769973
0.157921799,0.125905138,0.091261873,0.082673438,0.137627457,0.064129821,0.113728232,0.073844421,0.083054623,0.069853200
0.092076561,0.075896994,0.104279177,0.105939271,0.149485274,0.100488034,0.082458965,0.102320585,0.080568630,0.106486509
0.142978410,0.068503262,0.073862700,0.111227254,0.145625355,0.121767029,0.078230906,0.090095621,0.095218511,0.072490951
0.094201423,0.057564832,0.108520941,0.078805452,0.065914220,0.130259150,0.133490203,0.116279340,0.063095647,0.151868791
0.068729395,0.063236394,0.130438754,0.114857522,0.072395924,0.123339728,0.096233063,0.087859384,0.104086473,0.138823363
0.080915047,0.130255830,0.109029227,0.109602722,0.133925339,0.056774182,0.065558902,0.052542168,0.134706839,0.126689744
0.138915298,0.087872166,0.052395268,0.112445540,0.110436051,0.118736318,0.116124721,0.088642975,0.052168221,0.122263442
0.101332674,0.072141861,0.097132317,0.084125406,0.068290102,0.071937808,0.174311226,0.134314317,0.115793703,0.080620586
0.124870570,0.116038874,0.079433460,0.106240732,0.072015661,0.117201467,0.101925390,0.102521732,0.123988856,0.055763257
0.091888091,0.099052727,0.072311012,0.102428680,0.118008454,0.072020003,0.071589149,0.143063390,0.110564615,0.119073880
0.051568084,0.120778618,0.058600524,0.100480862,0.132219644,0.104372494,0.116637348,0.098257714,0.107801645,0.109283065
0.081379294,0.115795030,0.081463367,0.120592482,0.145447514,0.066832448,0.117522735,0.068445102,0.061633313,0.140888716
0.123478080,0.128476344,0.079825775,0.071374832,0.079776467,0.088876387,0.116845731,0.101062884,0.119935166,0.090348334
0.100713915,0.131352921,0.057837353,0.134114865,0.080085371,0.117050887,0.113542812,0.129044315,0.081601105,0.054656455
0.056503078,0.118701817,0.127578703,0.086385658,0.116400905,0.069673489,0.108103585,0.111458126,0.081910404,0.123284234
0.098288783,0.062262351,0.098314437,0.137538584,0.137386717,0.068146360,0.104895331,0.134853394,0.066776958,0.091537085
0.084274812,0.096759362,0.083967916,0.113548734,0.069022300,0.078349300,0.173366737,0.073149002,0.118726917,0.108834920
0.110990863,0.126625870,0.111551763,0.082652250,0.073090534,0.094611082,0.137317762,0.064506863,0.094262136,0.104390878
0.086908107,0.067210525,0.123326468,0.060699417,0.061704570,0.089289277,0.159622064,0.101217733,0.117207811,0.132814028
0.104571277,0.133472060,0.092389326,0.065488803,0.060739518,0.107309809,0.088543734,0.079336525,0.150970614,0.117178333
0.123986345,0.131777979,0.079744522,0.068753673,0.131445300,0.121853957,0.080518117,0.078937915,0.112005526,0.070976666
0.100480658,0.140853262,0.082802825,0.063724185,0.070531640,0.148817666,0.100106417,0.119719304,0.103337805,0.069626238
0.126241007,0.088728365,0.107433821,0.080004128,0.141610816,0.064203141,0.122369984,0.136230466,0.064899904,0.068278369
0.118453290,0.137866629,0.101700509,0.138089965,0.089863685,0.100619181,0.134877668,0.067817832,0.056222206,0.054489035
0.067288783,0.078168195,0.114036982,0.135650259,0.114273721,0.162130593,0.069984838,0.064849813,0.129900440,0.063716377
0.070573827,0.149770996,0.070506934,0.067471999,0.091228486,0.111680739,0.101741059,0.109417469,0.152066061,0.075542429
0.095101130,0.116918597,0.095609881,0.115782314,0.050946425,0.128331330,0.123478589,0.116948506,0.080043053,0.076840176
0.090114432,0.102805297,0.068087736,0.066931248,0.095210003,0.098861772,0.148516096,0.123258919,0.094956058,0.111258440
0.079476477,0.067913799,0.132218886,0.075137211,0.106728770,0.089328127,0.127854836,0.084964889,0.093068605,0.143308400
0.128293553,0.066231271,0.098736973,0.100600422,0.150231064,0.087521563,0.080454526,0.081638786,0.133441618,0.072850223
0.062966403,0.098408130,0.091482527,0.095107101,0.110389819,0.077727359,0.105576005,0.116622876,0.148300723,0.093419056
0.110750905,0.085232212,0.066857942,0.097173447,0.096783607,0.054977241,0.111126427,0.115523550,0.123490559,0.138084110
0.111295059,0.146555261,0.065631354,0.103433136,0.064348357,0.114266928,0.066297424,0.150859846,0.062157964,0.115154670
0.090930175,0.138225110,0.144834434,0.061143028,0.125438752,0.075424207,0.082591145,0.141989405,0.072732286,0.066691459
0.139544304,0.083353790,0.144599323,0.076627719,0.077118608,0.116097182,0.118563232,0.061121434,0.120495657,0.062478749
0.065670302,0.146682583,0.073137328,0.082723372,0.111590324,0.106291625,0.123235138,0.125299745,0.097856621,0.067512962
0.117158419,0.133308584,0.093212670,0.068256969,0.071025424,0.072728252,0.136345877,0.085106964,0.085197692,0.137659149
0.093348357,0.078833919,0.083267817,0.090394736,0.096095073,0.113092125,0.078025202,0.148610180,0.125100197,0.093232394
0.132426680,0.097741366,0.135945862,0.115449145,0.057406539,0.116697655,0.076389250,0.101699248,0.084508142,0.081736112
0.072638925,0.122755785,0.088062074,0.082785259,0.089573945,0.078325510,0.128059048,0.106486547,0.136694394,0.094618513
0.059486915,0.107595847,0.070282054,0.134797454,0.080011899,0.130072978,0.075536968,0.090619649,0.116927238,0.134668999
0.109066336,0.157630236,0.083016032,0.061914359,0.151949150,0.068974114,0.061221677,0.154129011,0.071433992,0.080665093
0.105089305,0.066572713,0.140941364,0.124213752,0.148759600,0.122191548,0.072295549,0.088328454,0.060465039,0.071142676
0.136959129,0.092771820,0.068227246,0.066329787,0.079054851,0.060417487,0.134662685,0.141283237,0.084919877,0.135373881
0.131616561,0.149174003,0.130299044,0.060657690,0.096960954,0.079467564,0.102760631,0.061681816,0.108334055,0.079047683
0.094352997,0.110232576,0.156925195,0.083115732,0.066058518,0.162856402,0.090917919,0.090288358,0.081929449,0.063322854
0.099639144,0.072919969,0.091647819,0.099597443,0.074305275,0.088668515,0.154464950,0.094056902,0.130439848,0.094260136
0.064981635,0.075719261,0.127080762,0.117070533,0.068204204,0.150484170,0.064825189,0.086492007,0.115803581,0.129338658
0.078454049,0.073118925,0.068201957,0.143002000,0.139115652,0.132852482,0.109235937,0.067032310,0.091196613,0.097790074
0.062920287,0.078623472,0.090112954,0.112824503,0.113541124,0.130416826,0.135151799,0.076375641,0.120498390,0.079535002
0.125272608,0.078293730,0.067476050,0.056978086,0.111823077,0.129026020,0.092970636,0.060181792,0.143931005,0.134046998
0.067267808,0.071556132,0.111970178,0.149138600,0.141426847,0.080252571,0.109994794,0.092450150,0.099729139,0.076213781
0.063570163,0.086373802,0.062922140,0.161909107,0.117960635,0.101296652,0.107613386,0.080069177,0.133758659,0.084526278
0.075756241,0.078557426,0.097271616,0.111545748,0.118572347,0.078175533,0.126459516,0.060460553,0.097686654,0.155514366
0.062498874,0.114195390,0.096089073,0.064271228,0.122480333,0.077400337,0.116232995,0.113665419,0.098860187,0.134306163
0.109003711,0.122332887,0.070143635,0.138292827,0.069060776,0.059071209,0.148353401,0.120455700,0.072021900,0.091263955
0.137991568,0.068290250,0.116625249,0.098857008,0.093296635,0.079037107,0.068790445,0.106268952,0.130006756,0.100836031
0.105750159,0.126043882,0.147927359,0.105639191,0.078384608,0.076474004,0.084309447,0.110676062,0.085094579,0.079700710
0.124631930,0.077935101,0.085032980,0.079152450,0.108939722,0.135458956,0.083227372,0.113795229,0.098385164,0.093441096
0.087601878,0.141396591,0.071268232,0.082369373,0.128007145,0.094078004,0.127871995,0.085145513,0.079051993,0.103209277
0.074688664,0.141532134,0.142573654,0.100094191,0.087682854,0.093744203,0.119088432,0.093414243,0.068724944,0.078456681
0.096670985,0.132586453,0.086885595,0.072223376,0.100619419,0.118088889,0.094765399,0.084116410,0.145798609,0.068244866
0.112891429,0.134068602,0.130651350,0.057359413,0.080202588,0.099733706,0.119763086,0.126934969,0.069614880,0.068779977
0.088108674,0.077531763,0.071293647,0.089437653,0.151500633,0.075768842,0.172542286,0.082047781,0.078199742,0.113568977
0.083836309,0.098223751,0.106626824,0.093947111,0.095263000,0.082046331,0.080739297,0.120415884,0.141426331,0.097475163
0.091703834,0.069063625,0.091127359,0.089749459,0.107779945,0.101823331,0.141265800,0.085965978,0.134135052,0.087385617
0.058015166,0.113753447,0.061647245,0.145338139,0.114122869,0.147794041,0.081449286,0.075477513,0.082856865,0.119545430
0.098987280,0.145182595,0.135153265,0.074019060,0.064082837,0.108670931,0.088826746,0.103770320,0.058904161,0.122402804
0.077184921,0.073421019,0.124129240,0.073408120,0.149673091,0.176299394,0.094299353,0.078604820,0.067878536,0.085101506
0.090269187,0.105978242,0.102848621,0.154431607,0.113423045,0.082173685,0.082428117,0.114082173,0.082994571,0.071370750
