2.34953e-06,3.51439e-09,2.77616e-05,0.999965,1.68294e-06,9.12473e-07,1.99728e-10,2.54464e-12,6.57107e-07,1.29832e-06
0.220752,0.173298,0.192349,2.29362e-07,0.00437118,2.05915e-08,9.56294e-06,0.409219,1.07296e-07,1.22979e-06
1.47542e-08,0.00200582,7.93193e-08,1.97609e-08,0.735635,1.51348e-05,0.262071,1.70616e-10,6.35824e-08,0.000272927
0.000552569,0.0421767,5.14277e-06,0.488427,1.75231e-07,6.95604e-06,0.467824,1.95113e-08,0.0010065,6.72181e-08
0.943286,0.0543301,3.36762e-05,0.0022844,3.21082e-05,1.54656e-07,2.44221e-07,1.4796e-08,2.94902e-05,4.14772e-06
1.02588e-08,6.8648e-07,0.000108951,2.96794e-09,1.94126e-07,8.28524e-07,3.7058e-07,6.28775e-10,0.999889,1.78304e-10
4.22303e-07,0.0622285,0.00139829,1.01174e-06,2.13623e-05,0.0129765,1.31932e-08,0.00217092,0.921201,2.3481e-06
4.40841e-08,8.76861e-05,0.00034518,0.00667861,9.61828e-06,0.846685,0.00123176,0.144942,6.29609e-07,1.91338e-05
0.224053,3.99904e-06,6.84393e-08,0.335212,2.81944e-06,6.61827e-05,0.00333616,0.437172,5.79399e-07,0.000153383
0.994922,6.35491e-11,2.94284e-06,2.21681e-08,3.70762e-07,0.00467754,0.00039695,1.68569e-07,3.20913e-09,9.2739e-09
0.0126234,1.45107e-05,6.90208e-08,0.978604,9.46984e-09,6.79066e-06,4.65904e-06,2.33108e-08,0.00874677,2.06955e-07
3.36705e-07,2.50977e-05,0.000102921,0.000269993,3.8751e-05,0.591971,0.399751,1.34665e-07,1.65105e-09,0.00784138
1.1401e-06,4.06778e-09,4.2794e-10,4.48555e-09,2.95164e-10,2.40801e-11,8.24456e-06,4.35624e-09,0.00817729,0.991813
1.86025e-06,1.10827e-09,6.4539e-06,0.00446093,0.0158494,1.23661e-05,1.94848e-05,5.0414e-07,0.979641,8.23682e-06
7.04748e-08,0.000140575,9.06713e-07,7.90359e-07,1.23133e-05,0.928769,1.99388e-07,1.59675e-07,2.72934e-06,0.0710732
0.00275388,5.84322e-05,0.000482201,1.40355e-06,6.85508e-06,0.77039,9.27253e-08,2.02866e-06,0.226305,1.81552e-07
2.20014e-06,0.0643734,0.644408,0.0283154,3.37056e-07,1.16837e-05,0.0609726,3.39532e-07,0.201385,0.000531633
0.000226999,0.999086,3.76079e-07,0.000685997,9.83834e-08,4.49862e-09,5.00154e-08,3.01259e-08,1.02473e-09,2.1076e-08
0.000281394,4.76577e-07,4.31528e-10,0.999634,5.27359e-12,7.80532e-05,1.7242e-07,2.43181e-10,3.68342e-06,2.48769e-06
6.21962e-10,6.42345e-11,1.39901e-14,2.28971e-07,1,2.08661e-11,3.82836e-08,2.10532e-09,3.25596e-10,4.11447e-12
0.00322508,0.0013085,0.000169359,0.0250169,5.9266e-07,0.000266031,0.000163445,0.0791523,0.881109,0.00958824
1.40611e-07,0.757184,0.0963742,2.48591e-06,1.10691e-07,0.00010298,1.08903e-09,0.146265,7.09869e-05,7.23749e-07
0.000183375,0.999577,2.46003e-07,0.000160607,5.60126e-07,4.47065e-07,1.01199e-05,1.41394e-07,6.19973e-05,5.48432e-06
0.994574,1.12661e-06,4.18463e-06,0.00374359,7.41176e-07,3.26429e-05,0.00163508,8.25959e-06,4.65874e-10,5.82899e-08
0.888141,0.00929007,0.000218661,1.39342e-06,0.0217246,8.81551e-08,0.0797586,8.18951e-07,1.41485e-05,0.000850538
7.04041e-05,0.0142078,0.864513,9.55128e-08,0.00515384,5.54953e-09,0.000100252,0.00088604,0.020968,0.0941006
3.23542e-08,0.797905,4.8705e-12,0.201968,0.000124465,9.25941e-13,4.06986e-09,2.71511e-06,8.7169e-09,2.63874e-09
2.54983e-05,3.89046e-06,5.79753e-06,5.00726e-09,0.203659,2.67416e-07,1.28785e-07,1.31676e-06,7.6774e-08,0.796304
0.00897022,1.12508e-05,2.57624e-08,8.96185e-07,2.95122e-07,4.74814e-05,1.26291e-07,0.0715637,0.919393,1.31227e-05
0.000163399,2.59206e-05,8.68677e-05,0.001108,2.64645e-06,0.692648,0.18936,0.116518,9.40384e-06,7.82144e-05
0.105718,0.0131262,0.000233005,0.268141,0.00186497,2.83413e-07,0.0701017,0.00555295,0.534488,0.000773562
0.136158,0.0279642,7.53083e-06,0.000988771,0.00105649,2.51116e-09,0.833824,7.80001e-08,2.95956e-07,1.64003e-08
0.922051,0.00208613,0.0635521,0.000692039,0.0112207,9.68655e-08,2.09075e-05,8.33085e-08,0.000376522,1.20225e-07
2.8063e-11,2.86541e-06,0.988181,4.36074e-07,2.6923e-10,2.10682e-10,1.20748e-10,5.09699e-11,0.000432036,0.0113836
1.97343e-09,0.999588,1.596e-05,6.79832e-10,1.37274e-07,2.86474e-12,5.36631e-08,0.000306948,8.90668e-05,3.43934e-08
6.88464e-10,6.72028e-09,0.000115742,0.95525,2.77545e-10,1.31811e-08,0.000483921,0.0441501,1.18126e-10,3.99717e-08
3.14031e-05,0.999109,2.98283e-07,1.95581e-05,9.96913e-08,0.000838864,3.73376e-09,9.41346e-07,4.20914e-08,1.33235e-08
0.0866887,0.369428,0.160018,0.114496,0.00323946,0.000310932,0.0900757,0.0191639,0.00525877,0.151321
0.000478537,1.60073e-10,1.17781e-06,7.76413e-09,0.999399,3.9325e-09,2.10067e-05,9.06628e-05,9.46001e-07,8.71675e-06
0.018668,3.21248e-08,1.04882e-05,0.0109693,0.772003,0.158086,1.70868e-11,0.0402634,1.11098e-08,3.05871e-10
2.26647e-05,0.998609,4.85917e-07,0.000158807,3.08417e-05,1.93649e-07,2.14779e-09,0.00116804,1.4821e-07,9.60263e-06
5.19009e-05,0.300886,0.653047,0.000486544,0.000387856,0.0280643,0.00204,0.0145225,0.000254561,0.000259489
1.44656e-05,3.22707e-09,0.994628,4.82258e-08,0.000985454,2.45689e-06,0.00436896,6.39769e-08,1.55725e-10,3.96382e-07
8.16193e-07,0.00283584,2.96423e-06,3.33965e-08,8.68919e-09,4.03729e-07,1.41306e-06,0.881697,0.115236,0.000225254
5.51341e-06,1.79344e-06,0.00478787,1.95154e-08,4.18948e-07,0.00252179,0.760125,0.231494,2.527e-05,0.00103822
1.65819e-07,1.45893e-07,1.01408e-06,2.66438e-09,0.997758,1.48155e-10,0.002241,1.7122e-09,3.07509e-11,1.04171e-08
3.47073e-06,0.000284472,1.12548e-05,0.00669847,1.70671e-09,0.993,1.56055e-08,3.98336e-09,2.21173e-06,8.26237e-10
0.775799,0.0160495,0.000574912,8.35363e-06,9.08078e-09,0.0367267,1.85568e-05,0.139692,0.0311314,1.90082e-07
0.000309985,1.36538e-05,1.05228e-09,0.121013,0.0308699,0.841269,4.91093e-07,0.00651953,5.31416e-06,3.95938e-09
9.68635e-06,1.87176e-07,2.36708e-05,2.30869e-05,0.978882,0.0206733,7.16048e-06,0.000380763,1.69122e-07,1.21087e-07
1.47119e-11,9.77447e-07,3.55382e-10,4.15673e-05,4.89713e-08,3.61602e-07,2.98021e-11,0.999957,6.19136e-12,1.3458e-13
0.000207596,1.6758e-06,0.00343353,1.94741e-06,3.32134e-07,0.993816,7.22812e-05,9.36949e-10,0.00246658,2.91987e-08
3.92757e-05,0.998102,0.000152718,1.22741e-06,5.03398e-07,0.00161816,1.86337e-05,6.77477e-05,6.52406e-11,7.60957e-09
0.0180036,1.68255e-07,0.000558427,7.67048e-08,0.545478,6.74391e-05,0.39286,0.00295723,0.0383929,0.00168162
5.21384e-07,0.134208,1.03074e-06,5.44078e-06,2.00471e-11,1.98308e-06,4.00247e-09,0.865782,1.10942e-06,1.57087e-10
0.11498,0.000750388,0.000397424,0.247483,9.71471e-10,4.64333e-09,3.76898e-07,3.45062e-09,0.636389,4.81922e-07
2.0528e-10,0.999988,2.85314e-11,1.18647e-05,2.36637e-14,4.38232e-11,7.82954e-09,3.11025e-08,3.36393e-07,1.54504e-11
0.000898666,3.27636e-08,4.07112e-05,6.97624e-05,1.75207e-11,1.56024e-09,6.80498e-05,1.08603e-06,0.998922,3.43538e-08
8.32473e-08,0.000452309,0.756657,1.54894e-08,6.29757e-09,0.0230002,0.000848431,0.208144,0.0107542,0.00014407
0.0649206,9.02138e-06,5.78971e-05,0.930297,7.75592e-08,7.41999e-07,0.00405923,6.42806e-06,0.000648867,4.56875e-07
0.000658399,5.70103e-05,3.33513e-09,3.22886e-08,0.250654,0.0456311,0.701798,0.00110661,5.07254e-06,9.05559e-05
8.31391e-07,3.05204e-09,2.87512e-12,4.01893e-09,0.000111369,3.83855e-06,0.98802,0.0118511,4.24379e-08,1.29087e-05
2.84179e-10,2.25012e-12,2.91584e-05,4.27396e-06,2.19814e-07,7.70891e-09,4.33142e-08,1.94677e-05,3.77687e-10,0.999947
0.0223146,0.0267311,1.69718e-05,1.92233e-05,1.4489e-05,3.45495e-06,0.702133,0.000103079,0.225928,0.022736
1.76154e-07,4.94132e-05,2.08468e-07,7.97532e-11,1.24028e-05,3.62483e-07,2.91292e-10,0.987968,0.0119697,4.00196e-10
2.41985e-06,6.26622e-09,0.11045,0.155911,7.52345e-06,0.000222898,0.673485,0.0352912,0.00241154,0.0222184
1.74595e-09,1.95889e-06,1.76699e-08,5.44934e-10,7.00484e-06,7.30212e-05,1.42133e-09,0.999861,1.46236e-11,5.73899e-05
7.31868e-10,5.29462e-07,2.57516e-10,5.16321e-07,6.71149e-13,9.16945e-13,0.0165526,0.983446,2.71033e-09,4.80513e-09
0.469729,0.000109804,0.000144493,0.34167,0.10165,5.54936e-08,0.00162597,0.0801145,0.000227737,0.00472858
8.10692e-05,5.68551e-05,0.00345233,0.980441,1.80894e-06,0.0155387,4.2097e-07,1.67982e-08,0.000422725,4.99705e-06
1.83086e-11,6.83433e-08,2.47953e-05,5.92677e-08,0.99965,1.36627e-05,2.06242e-08,0.00031103,2.33464e-07,1.78694e-09
1.0093e-08,8.15477e-10,3.93545e-12,9.78011e-05,5.87033e-10,0.403274,9.60249e-06,4.69441e-11,0.596618,5.73408e-12
9.05784e-09,2.49205e-06,0.00622966,5.01376e-09,2.92588e-05,0.993274,3.08957e-05,4.26733e-05,2.10317e-05,0.000370379
5.1023e-07,0.000141301,0.999771,6.99807e-10,1.55702e-08,4.054e-05,6.72372e-09,3.90403e-05,1.30288e-07,7.07651e-06
4.45197e-05,4.70386e-11,0.000735349,5.65656e-05,0.999127,3.34922e-10,6.18964e-06,3.04977e-05,9.59444e-08,7.55834e-08
0.381309,1.11284e-07,0.00150477,0.000324244,0.610372,0.00275975,6.58977e-09,2.3784e-06,0.000233097,0.00349486
8.69441e-09,0.682498,0.000174415,0.00019463,1.27557e-09,4.26742e-05,5.28685e-05,7.61269e-07,0.317036,4.47683e-07
6.88117e-07,3.73941e-11,6.77222e-13,1.12742e-09,7.67387e-09,0.999779,0.000220222,2.56461e-07,3.38711e-12,1.7631e-08
4.33274e-07,4.49485e-08,0.694579,0.00470664,9.60832e-07,0.210332,0.00528643,0.000965592,0.0838652,0.000263766
0.000254605,1.26099e-05,5.38401e-05,0.0399224,2.25102e-06,1.42392e-05,0.952144,0.0013549,4.0048e-06,0.00623749
1.40358e-09,2.04866e-09,2.07163e-12,1.21252e-11,1.5435e-07,6.26779e-11,1.59302e-14,3.41749e-14,0.999999,4.75962e-07
3.46068e-07,9.19975e-07,0.00516616,6.17256e-06,2.04331e-09,4.21587e-06,3.75086e-05,0.000231112,0.994535,1.8696e-05
7.4011e-12,0.997419,0.000833111,5.73454e-08,0.00171592,1.56277e-06,2.23519e-05,7.29822e-06,7.42529e-07,4.92644e-10
5.08693e-07,3.23305e-06,0.00663142,0.9644,0.000207047,0.012174,0.00117732,0.00435969,0.0109281,0.000118363
2.51884e-05,1.63558e-08,1.80391e-06,5.2303e-05,0.00110101,0.0500537,8.61594e-08,0.177919,4.12799e-06,0.770843
5.24311e-07,5.56604e-05,1.40083e-06,8.67172e-08,0.950508,1.15589e-06,0.000152252,3.94132e-08,3.91272e-06,0.0492768
0.00160599,1.67037e-09,2.70744e-10,3.60082e-08,9.74983e-11,6.98247e-06,0.00423693,8.52947e-06,5.16838e-11,0.994142
6.73414e-06,2.28298e-09,4.15414e-10,0.466543,0.292058,0.240845,2.12767e-07,0.000546328,5.36219e-07,4.64981e-07
1.05871e-07,6.3373e-10,0.000967368,2.31036e-08,0.0877303,0.901108,5.39347e-05,4.27492e-06,0.0101291,7.06458e-06
2.31171e-09,2.83154e-07,8.53488e-06,4.33367e-07,1.45339e-06,1.54616e-11,2.62381e-06,0.00091983,0.0155082,0.983559
5.99471e-06,0.999876,3.56603e-05,2.2833e-07,3.23892e-09,3.26089e-09,4.75741e-05,1.13859e-07,3.44807e-05,3.56519e-08
0.242887,1.5968e-05,2.25707e-06,4.78561e-09,1.67644e-09,0.0236832,7.97885e-06,0.733351,5.31348e-07,5.212e-05
1.37466e-07,0.633569,5.96833e-08,0.00112568,0.0528501,2.05316e-06,0.12683,1.13134e-08,0.00821091,0.177412
5.75173e-06,8.25736e-09,1.22675e-09,3.03772e-07,1.4624e-09,3.79246e-08,7.38934e-08,4.95571e-11,0.999933,6.06028e-05
0.00151121,2.9299e-05,0.0211218,9.20693e-07,8.16607e-08,0.00222259,0.0150535,0.00017515,0.958629,0.0012565
0.000660208,8.47905e-07,0.705887,2.88788e-07,0.00109899,0.00642875,0.00210136,1.19224e-07,0.0259946,0.257828
0.58912,6.37121e-08,0.000220763,0.400216,9.30552e-07,4.2867e-05,1.0117e-05,1.77818e-06,0.00114595,0.00924099
3.62408e-10,0.999984,4.50614e-08,1.4387e-05,1.1421e-08,5.15378e-11,1.13913e-08,1.73592e-07,1.30922e-06,1.67e-10
1.29976e-05,0.0132908,2.11314e-08,1.63892e-06,2.07245e-06,0.985597,0.000336398,0.00040807,0.000350456,2.92985e-07
0.695864,0.00210052,0.0787441,0.220875,3.64579e-10,1.21557e-07,1.01024e-09,0.00240879,1.4638e-06,6.10321e-06
6.32712e-07,1.67385e-06,8.44092e-07,9.68831e-07,1.21205e-08,0.999996,1.04094e-07,7.87854e-09,3.21113e-08,1.3136e-10
1.05923e-06,1.19432e-07,1.0296e-08,0.608128,1.70103e-07,0.00830009,1.87473e-09,0.383465,0.000105934,1.6058e-08
1.29741e-05,0.0491982,5.09073e-05,0.0237005,0.000187866,0.0317031,0.000534825,0.00293071,0.0280244,0.863657
3.5618e-09,1.60201e-06,2.49531e-07,0.0254077,2.18399e-06,3.56632e-08,8.58221e-08,6.5451e-09,1.18357e-08,0.974588
4.0973e-12,5.79289e-06,4.978e-13,2.18892e-06,6.80685e-08,5.54118e-14,1.59881e-11,6.51503e-11,2.39736e-05,0.999968
9.27495e-06,2.74707e-05,3.73385e-05,0.046045,0.000130282,0.862871,0.000134626,0.0904953,0.000250163,6.67641e-09
0.00147332,4.23254e-05,2.5863e-05,0.000156,2.88782e-08,0.718716,9.06353e-08,1.99535e-05,0.276751,0.00281535
1.5535e-06,0.142269,0.828937,0.000865671,0.0172363,0.00777405,2.65532e-05,0.00287839,1.12543e-05,1.16933e-07
9.46038e-07,1.32804e-09,0.976162,0.0036583,2.00335e-07,2.78642e-08,3.2396e-10,0.0201787,2.70727e-08,2.63536e-12
0.000319786,0.0170202,0.000536757,1.21553e-05,0.950578,4.54229e-06,0.0314251,9.22136e-07,9.97428e-05,2.33919e-06
0.000198486,0.640797,0.00359922,1.24834e-06,0.000256345,0.000226111,0.000471791,3.25186e-05,0.354374,4.332e-05
0.0150617,8.36288e-06,1.29603e-09,1.38386e-08,1.13293e-05,0.00373997,0.000128407,0.969882,1.59724e-08,0.0111686
0.185086,0.000180047,0.737616,2.05079e-07,2.78323e-05,2.65076e-05,0.000378324,6.80191e-07,0.0456624,0.0310214
8.25114e-11,9.6554e-07,2.76732e-06,2.42577e-08,1.43389e-07,0.989074,0.0109217,3.06951e-07,3.50841e-09,3.31823e-08
3.98175e-06,0.000129393,6.19815e-06,0.00316114,2.14806e-07,8.46834e-08,8.11091e-08,0.994398,3.61838e-07,0.00230042
1.46756e-08,3.9116e-08,1.71546e-05,3.14726e-05,0.999889,2.51893e-07,5.12202e-07,6.11495e-05,2.82533e-10,8.08575e-07
0.000288241,8.24139e-10,4.77033e-06,1.50955e-07,2.62923e-08,0.00164168,0.998036,5.22456e-08,1.46721e-05,1.42295e-05
4.68536e-13,0.868763,1.5063e-09,5.38779e-09,4.60594e-07,8.2757e-12,9.64246e-13,0.000434353,6.59878e-07,0.130802
8.37389e-07,9.40727e-10,2.10516e-07,3.03077e-08,0.99997,1.00682e-05,9.48202e-11,1.75922e-05,5.74892e-10,9.92001e-07
0.0129659,0.0022795,2.07519e-07,0.00177186,0.948885,0.00605242,1.97813e-06,0.00301224,0.0250262,4.2354e-06
0.998725,2.38342e-08,3.78263e-06,0.00015034,2.93871e-07,1.21026e-05,3.19402e-06,1.74499e-06,0.000942124,0.000161383
1.77695e-08,1.16546e-05,1.3298e-07,0.999919,1.50715e-08,1.28188e-07,1.76972e-07,5.51921e-10,1.08297e-10,6.88607e-05
4.32163e-08,8.89541e-05,0.00122673,0.886405,0.000766499,0.0326051,0.0778008,0.000771125,0.00033614,5.22969e-09
1.03302e-05,3.80478e-08,1.35331e-07,0.532065,0.000321838,1.46634e-09,0.367067,2.72648e-05,0.100505,3.08968e-06
0.000241397,0.00783102,2.67547e-06,0.000225731,0.900091,0.0772312,0.00946591,0.00459158,3.356e-05,0.000285464
1.27043e-05,1.23327e-08,0.767719,7.24243e-08,0.00123875,3.74111e-08,1.29595e-10,4.36673e-10,0.231027,2.45209e-06
0.0812653,0.864851,3.34822e-07,4.15992e-10,3.6078e-08,4.76728e-09,1.05354e-05,1.43837e-06,0.0538713,1.0959e-07
0.297439,1.18501e-09,9.65358e-06,6.1572e-09,0.694959,8.0288e-11,8.65849e-11,1.07433e-11,0.00759251,2.76892e-07
2.66429e-05,0.872715,1.11857e-08,7.99642e-10,0.114461,7.78071e-06,8.13509e-08,5.73529e-05,0.0122708,0.000461025
0.0164171,0.00962147,0.502447,0.00572198,0.435228,0.0230595,0.00368909,0.00377673,1.83413e-06,3.77898e-05
0.777199,9.03198e-05,8.91402e-06,4.26873e-09,0.222183,0.000485297,2.97761e-07,8.87059e-11,3.29762e-05,7.41254e-09
6.82391e-06,7.56042e-09,3.20377e-09,0.000302495,5.72638e-05,3.19806e-09,0.988226,0.00884346,0.00252013,4.37826e-05
0.103451,0.131331,4.50592e-05,0.0337426,0.0202381,0.0390731,0.671221,0.000882565,1.58005e-05,1.60006e-07
4.2118e-10,3.40148e-06,1.40728e-09,2.68393e-12,9.35314e-08,3.9961e-11,3.23549e-07,7.40891e-09,0.999685,0.000311301
4.75953e-06,4.76627e-12,4.25069e-07,0.980895,3.96445e-07,0.0190639,3.28723e-05,2.35245e-06,2.15389e-08,2.52656e-07
0.105362,2.39901e-05,0.274261,1.62361e-06,8.41323e-06,0.000903864,0.0162575,0.0113621,0.591816,3.25173e-06
3.84249e-05,6.14796e-10,4.69181e-11,3.77712e-11,2.05484e-06,7.22024e-07,0.999854,2.96277e-08,0.000104505,5.68083e-08
3.41101e-10,0.921537,1.63457e-06,1.43108e-08,1.72327e-07,2.08644e-05,0.00247458,0.00669938,0.0534824,0.0157838
0.00027924,0.00818432,1.63772e-05,0.163464,2.23112e-06,0.0004987,4.99828e-05,0.000991406,0.00707142,0.819443
9.0917e-08,1.32447e-06,2.10209e-08,6.578e-06,0.0022798,0.000967378,3.31785e-05,2.23026e-08,0.9967,1.14466e-05
0.00407364,0.0688827,0.171454,0.00126331,0.753888,7.79691e-10,0.000149118,8.28925e-05,0.000205167,1.14667e-06
1.11873e-12,0.999694,0.00028512,5.23499e-08,7.13414e-06,5.14975e-07,3.70395e-11,2.36722e-09,4.72175e-12,1.27448e-05
0.104901,0.253964,5.35971e-05,1.45268e-07,0.000784099,1.08386e-05,5.97339e-08,7.46504e-06,0.636613,0.00366578
0.628389,3.07125e-05,0.00736508,0.000111827,2.91581e-05,1.82965e-05,9.94345e-06,4.9441e-09,0.364044,2.2257e-06
7.1565e-06,1.22998e-07,6.83654e-11,1.21592e-07,1.17711e-07,6.13244e-10,0.999936,1.83806e-07,5.16734e-07,5.60307e-05
5.10994e-10,2.59561e-09,2.52474e-08,1.55793e-05,0.99991,3.9279e-05,7.57649e-06,3.28992e-07,2.16261e-06,2.5401e-05
3.29132e-06,0.000294824,3.01377e-05,2.18199e-08,1.03214e-05,9.34958e-10,0.224688,0.00165433,0.773319,8.14463e-07
5.23988e-05,0.000124901,0.246061,3.63495e-06,0.542734,9.69099e-05,2.93704e-08,6.14427e-05,0.195464,0.0154017
0.000120316,0.999857,1.57522e-05,8.38388e-11,1.82644e-09,4.97246e-06,3.19579e-07,5.46453e-08,1.32574e-06,1.69377e-10
0.998298,1.02061e-13,2.10397e-06,2.3401e-08,0.00169947,2.56079e-07,1.13215e-08,2.59199e-09,7.2251e-09,4.22748e-08
9.92919e-07,2.50182e-12,0.00341206,2.49487e-09,0.000184672,1.46821e-10,0.995109,8.47848e-07,4.44689e-11,0.00129286
3.33925e-05,3.90859e-05,0.93523,0.0129321,6.05795e-07,0.000520815,9.19372e-08,7.88544e-09,0.0470873,0.00415625
3.44821e-10,9.01633e-10,8.86556e-12,0.987821,5.85598e-08,1.60821e-05,1.03716e-10,9.50909e-09,0.0121619,4.89347e-07
0.00179878,3.56112e-05,4.74178e-06,0.982101,1.48771e-06,0.0126558,0.00337436,1.71291e-10,3.75677e-08,2.85585e-05
0.548298,5.21725e-06,6.65734e-07,1.61425e-08,1.27449e-05,4.14495e-06,0.00176776,0.445486,4.15713e-09,0.00442544
1.20769e-12,8.10785e-07,1.41785e-06,4.17085e-05,0.999278,1.4881e-10,2.86412e-10,9.53146e-07,7.59276e-07,0.000676683
3.50619e-09,0.460301,3.86834e-10,3.81714e-09,0.531764,2.362e-05,1.18599e-06,1.16333e-05,0.00789817,3.10022e-09
2.97549e-07,0.000237613,2.45063e-05,1.97878e-12,9.50985e-13,0.999729,1.72658e-08,8.28141e-06,2.79634e-10,4.28291e-07
0.000328364,0.982442,2.04725e-07,4.87724e-07,3.46289e-10,7.70072e-08,0.0172269,1.29696e-06,7.35751e-08,2.49258e-07
1.04862e-08,0.999443,2.11948e-08,3.46934e-10,5.61238e-09,3.93703e-05,1.64263e-07,0.00038095,6.32661e-05,7.30988e-05
2.11026e-05,4.63581e-08,3.86875e-07,0.000108453,3.96514e-09,0.0030656,0.996662,0.000142781,1.55539e-08,2.20572e-09
7.29018e-11,2.40634e-05,3.42261e-05,0.000107106,9.42137e-08,3.09197e-09,0.999832,9.30875e-09,2.54547e-06,1.24156e-09
0.999727,1.5632e-06,0.000268843,3.00677e-12,5.07391e-12,1.82112e-11,6.6448e-09,1.44604e-13,1.13117e-11,2.62027e-06
0.446149,6.73801e-09,6.04664e-07,0.00011373,1.68175e-05,1.02914e-11,2.97062e-10,0.553695,1.13911e-07,2.4506e-05
1.14463e-05,2.16777e-09,1.16564e-11,0.234588,0.765399,8.6043e-09,3.64773e-07,5.14117e-08,2.95248e-11,9.4734e-07
0.00111259,0.00282882,0.979839,0.000643016,0.0141006,9.91115e-05,0.001377,5.82493e-10,1.44652e-07,8.35475e-09
2.75468e-09,0.000315621,0.00488766,1.35017e-08,2.4312e-09,1.10617e-09,0.00349866,1.50909e-08,0.991298,7.34157e-11
9.6736e-09,1.13111e-07,1.74434e-10,1.99068e-11,3.33493e-05,0.999964,9.25815e-08,1.6984e-10,2.65829e-06,2.4087e-08
0.293767,0.255205,5.29305e-05,0.447589,2.69913e-06,9.41619e-06,4.22462e-05,0.000208548,9.62429e-06,0.00311329
3.86416e-08,0.00314179,0.000855286,0.99063,0.00122896,2.9604e-05,0.00385529,8.54853e-07,4.60574e-05,0.000212508
0.00594543,0.000659352,0.00239806,0.00108854,7.88819e-07,0.343033,0.221106,0.000171725,6.03418e-09,0.425597
3.45558e-08,0.946545,0.00294331,4.29215e-07,0.0490068,0.000554048,0.000918189,3.10792e-05,8.30697e-07,1.50216e-09
8.82831e-08,0.00402126,0.96574,1.15238e-09,3.59644e-05,8.95523e-06,7.04475e-09,0.00857062,0.000135788,0.0214877
0.175263,0.00128133,0.000183487,0.0527318,0.000759703,0.754913,0.0139242,1.1338e-05,0.000189472,0.00074228
0.0684436,0.709667,0.0569299,1.23088e-07,0.056786,2.44811e-07,0.0791903,5.30668e-05,0.0288612,6.84524e-05
5.44478e-11,8.6765e-10,2.94124e-08,0.0211754,4.47591e-10,9.03793e-09,6.01753e-13,1.44795e-06,1.28903e-09,0.978823
0.067965,4.03504e-07,0.931853,3.13628e-06,6.17549e-08,0.000178692,9.00509e-10,9.41238e-08,4.3128e-09,2.51179e-09
4.19913e-08,0.00377021,2.02761e-09,6.34762e-10,7.4429e-10,0.995297,0.000863638,6.92185e-05,6.55255e-11,2.61934e-09
0.0204224,0.69927,2.95921e-07,0.000366212,0.221339,7.56837e-06,2.31083e-07,1.65237e-08,0.000338074,0.0582561
0.000165108,0.94173,0.000100321,0.00224161,7.68382e-08,3.92074e-05,0.000703798,0.0547069,0.000310856,1.83247e-06
0.364499,2.80768e-09,0.000446664,1.47748e-06,1.28568e-10,0.407856,1.37404e-05,0.214713,0.01247,4.30807e-09
0.0102403,0.0115024,5.94301e-07,2.21867e-07,0.0563284,0.896374,2.57271e-06,0.0170824,0.00846877,1.02597e-08
2.43374e-05,8.60975e-06,0.000712841,3.63306e-08,0.000106866,0.920643,4.34066e-06,0.0761111,1.41045e-07,0.00238902
0.000172785,1.36377e-07,1.60016e-10,2.03015e-08,2.61123e-08,1.91609e-05,0.0714941,1.34597e-09,0.113471,0.814843
2.12905e-06,0.47579,0.0325977,0.00626092,2.95369e-08,0.390118,3.29748e-05,0.0950371,3.9182e-08,0.000161806
1.6183e-06,7.69272e-05,0.0423948,0.733876,0.000813474,3.14585e-06,0.00667732,0.000265873,0.215889,1.88542e-06
0.987461,2.39461e-06,0.0119802,4.95686e-07,0.00014548,1.87145e-06,3.71866e-07,0.000229956,0.000178165,2.46769e-07
1.99175e-07,6.935e-06,3.39639e-05,4.60189e-06,7.44505e-06,0.0368407,0.84331,3.25965e-07,1.97458e-07,0.119796
2.37932e-06,0.901753,2.54519e-06,0.000164487,0.0116532,2.77315e-05,9.32186e-06,0.000278976,0.0859678,0.000140437
1.81233e-05,0.98989,1.61535e-07,7.12326e-06,1.57762e-05,1.56019e-09,1.16975e-07,6.41162e-05,2.74746e-11,0.0100047
7.55332e-05,4.18512e-07,0.98132,2.10879e-07,3.64889e-07,0.00205802,1.12398e-07,0.00935537,8.73803e-07,0.00718888
6.85714e-09,1.04244e-10,2.27559e-08,0.00236158,0.889923,5.25184e-10,0.107715,1.87717e-08,5.53193e-09,1.51635e-07
7.56337e-08,0.0023068,1.4978e-05,1.43817e-08,0.997573,1.36542e-05,7.18332e-07,3.31364e-10,1.82196e-08,9.02595e-05
1.68149e-05,0.24773,1.86878e-07,5.0585e-08,7.55708e-08,3.09799e-05,0.00055565,0.00280581,9.42319e-09,0.74886
0.00010285,0.000144167,8.74579e-06,0.00103007,9.3316e-09,4.73109e-07,4.05151e-05,6.73806e-05,2.37037e-07,0.998606
4.99808e-08,7.55132e-09,0.15761,5.22734e-05,0.000199058,7.03085e-06,7.30254e-06,0.841795,7.11968e-10,0.000329924
0.000204771,1.76952e-05,0.0010944,0.0239034,0.120468,2.49965e-08,0.000728997,1.49973e-09,0.0516729,0.801909
1.33034e-08,0.00012266,1.28751e-05,0.0413275,5.03957e-08,7.57467e-08,0.000698591,0.378652,1.32156e-10,0.579186
0.000341427,2.32639e-05,1.94153e-05,0.000674377,0.861931,0.0130469,8.2916e-07,0.000200344,0.0605714,0.0631914
3.88115e-10,0.00385026,8.19277e-08,1.24962e-10,1.49178e-09,0.995842,2.36527e-06,3.92077e-05,4.99255e-09,0.00026635
0.000221842,4.67183e-10,3.62e-09,7.2212e-09,0.0825477,6.32911e-07,0.917218,2.5059e-07,1.10274e-05,2.92864e-07
3.3538e-11,0.00243121,1.36916e-08,1.29402e-06,4.6931e-09,1.02757e-09,1.10579e-12,0.997567,1.13579e-08,1.19839e-10
1.78895e-07,1.50024e-08,4.46968e-09,0.0255435,3.76408e-06,1.75022e-06,0.000179751,0.974269,2.02835e-06,1.21465e-09
1.30984e-06,1.84456e-11,6.14137e-12,2.14116e-05,3.72806e-10,7.29377e-10,3.13139e-08,0.000942064,0.999035,3.58705e-11
1.05423e-07,5.94616e-07,0.124976,0.000619996,0.0357326,9.49612e-09,2.04447e-08,1.89508e-05,0.838651,5.46967e-07
4.18996e-09,0.00203224,0.982829,4.34685e-06,2.07041e-06,1.42753e-06,8.17239e-09,0.0150728,5.79528e-05,4.60409e-07
7.66909e-12,3.277e-11,3.43703e-07,1.73964e-11,4.40589e-07,0.000285976,2.94355e-08,1.53208e-13,1.53032e-06,0.999712
0.012181,9.24364e-08,0.589512,0.396002,2.56355e-07,1.30178e-05,0.00229064,6.38662e-08,1.15279e-06,6.0473e-07
6.16428e-12,2.95233e-10,0.863228,3.68286e-05,0.131709,3.49448e-06,2.07296e-05,1.95629e-05,5.4542e-10,0.00498242
4.14278e-07,0.0916662,0.0020473,0.171492,0.307794,0.418284,0.001676,0.00703006,9.99418e-07,9.71481e-06
7.92118e-11,2.62124e-11,0.999928,6.47711e-12,8.5155e-10,1.06558e-08,3.8881e-07,3.58707e-09,3.15288e-06,6.88759e-05
4.04248e-11,9.40829e-07,0.00163166,2.25797e-06,1.35829e-10,0.998191,0.000173414,2.46711e-09,3.40631e-07,2.26365e-09
0.0338462,7.30792e-09,1.02628e-06,9.20791e-10,1.29262e-05,0.240022,0.726085,3.64927e-07,3.15168e-05,5.70375e-07
8.32273e-06,0.6859,0.294475,1.47097e-08,3.28101e-10,5.03845e-07,0.000361962,0.0128281,0.00307992,0.00334569
2.67686e-11,0.000202307,8.77455e-10,7.77285e-05,0.384278,0.00296935,5.18003e-06,1.00463e-05,8.75796e-07,0.612457
1.07942e-08,7.00758e-07,0.963851,4.72177e-06,0.0105889,0.000271423,0.0232129,5.77829e-06,4.0046e-06,0.00206037
4.58619e-08,5.62408e-11,9.93565e-12,1.70981e-10,1.70319e-07,2.95423e-10,1,3.95846e-08,1.97246e-09,1.2139e-11
0.156103,1.29207e-08,0.000342966,5.39032e-06,0.00496714,4.91054e-05,2.40944e-05,0.748335,0.0901198,5.3926e-05
3.12987e-08,0.37271,1.53126e-07,0.00520919,0.176125,2.40772e-05,0.0412141,0.404581,5.05024e-06,0.000131073
2.21119e-09,0.976336,1.94743e-08,2.88291e-07,0.000565547,0.00254694,1.00057e-05,0.0132743,0.00726682,1.15768e-08
4.03534e-08,3.40626e-05,0.00151562,6.67807e-06,3.07355e-09,1.28344e-08,0.00095114,0.993298,0.00400274,0.000191695
5.74751e-11,0.999981,1.16005e-07,4.96125e-08,3.18229e-06,2.99472e-10,3.12116e-07,2.16156e-08,7.3056e-06,8.13662e-06
2.2738e-10,1.08808e-08,3.23008e-07,0.000201647,1.97004e-11,0.000107298,4.51281e-10,5.13751e-09,0.00895265,0.990738
0.011207,0.0599543,2.86413e-07,0.309227,0.00493192,0.00101157,1.78293e-05,0.219021,0.39463,8.62463e-09
0.311029,5.05706e-06,0.602852,1.13641e-10,6.72807e-07,3.6286e-07,0.0861093,3.13867e-06,8.09216e-08,4.82413e-07
5.03385e-07,0.0112645,8.80598e-05,4.06964e-06,0.918162,0.0587789,0.00495997,5.26955e-07,3.68949e-09,0.00674192
1.2909e-07,0.0215545,0.677726,1.97434e-06,1.43467e-06,0.242824,1.79029e-07,2.70036e-05,0.0436178,0.0142471
2.72557e-05,7.28307e-07,3.31956e-07,0.000160644,1.61604e-05,0.994708,0.000278413,0.00480133,3.95861e-09,7.54357e-06
1.42338e-05,3.36635e-07,0.00090235,1.63333e-10,3.4185e-06,1.95132e-09,0.998652,0.000190643,6.67174e-07,0.000236747
4.72105e-07,0.999988,6.45121e-09,2.61523e-08,3.62665e-07,6.5316e-06,4.68935e-11,3.79562e-06,1.12565e-08,5.84851e-07
0.991003,4.65857e-09,4.16367e-12,2.52153e-10,4.27964e-09,0.00693743,7.82526e-09,0.00114935,0.000909641,1.83181e-07
0.664054,0.137122,8.16865e-10,0.0162486,3.76183e-10,7.64276e-08,1.63901e-06,0.00125477,0.181319,6.51875e-10
7.82653e-06,0.000142461,2.19917e-05,0.607314,0.00111531,1.17119e-05,0.00120293,0.136516,0.0249774,0.22869
2.76683e-05,0.000150649,1.83848e-06,0.000143793,0.00174642,0.907085,7.48853e-06,0.0908343,3.48747e-10,3.01896e-06
0.00370096,4.54866e-06,0.000238837,0.843799,0.0182849,0.125107,8.48686e-05,0.00874654,1.30707e-08,3.29178e-05
6.67725e-09,1.42221e-06,7.32826e-07,0.999991,1.00071e-08,3.17323e-10,5.92621e-06,1.36081e-07,4.42527e-07,1.9386e-07
4.38128e-06,3.81269e-11,0.00387783,1.41172e-08,1.30309e-09,2.53805e-06,3.42399e-09,0.996114,8.82197e-07,1.78719e-07
0.000122689,0.995145,4.4675e-11,8.3894e-12,0.00429217,0.000435635,5.77214e-11,1.07086e-09,7.44663e-07,4.1511e-06
3.35512e-09,2.97658e-10,0.00017881,0.000180238,0.0793084,8.56837e-10,8.38805e-08,0.919607,0.000697764,2.75859e-05
2.4883e-05,2.36064e-10,1.17536e-10,5.49299e-09,2.01758e-10,1.13527e-06,2.90148e-10,0.00256018,0.116683,0.880731
3.78323e-09,0.000419312,0.0185492,1.83507e-09,0.000118592,0.0770824,0.890051,0.0101657,0.000116045,0.00349729
0.00129175,0.00391919,0.000755054,0.00337694,0.199542,0.769221,0.017468,9.90595e-05,0.00431394,1.24934e-05
1.31425e-07,0.123292,2.43165e-09,0.0188592,6.58834e-10,7.13453e-08,1.91187e-10,3.57637e-06,0.857845,2.10604e-10
1.30318e-08,4.91974e-10,6.24536e-10,0.177309,3.96258e-06,3.82665e-08,0.822687,1.70212e-09,4.47411e-09,4.46029e-09
2.27241e-07,0.00220861,0.301407,0.577005,8.93559e-06,0.000479887,1.66108e-05,1.6883e-05,0.118844,1.2794e-05
7.14245e-05,0.00027043,4.44667e-09,3.13992e-06,0.958474,6.50717e-05,0.0181947,4.85476e-08,4.0536e-05,0.0228805
1.45711e-06,0.00505001,3.39013e-05,1.86074e-07,0.0263578,0.933111,4.79529e-05,0.0280314,0.000722702,0.00664397
7.31844e-09,0.555335,0.208634,0.22694,3.37574e-09,2.67876e-08,4.07742e-06,7.41037e-07,4.28155e-08,0.00908501
0.0299573,3.73717e-06,0.41713,0.00971144,0.393633,0.147981,1.4629e-07,0.000393243,0.00118817,1.45197e-06
2.01171e-06,5.49078e-05,3.17551e-06,0.987503,0.00014611,0.00130158,0.0109773,4.56137e-07,1.14044e-05,9.66871e-09
4.63429e-07,4.93383e-05,3.26832e-08,7.73134e-05,0.0922212,0.00115324,3.39105e-07,0.87711,5.58984e-06,0.0293821
0.000592888,2.03813e-05,4.56659e-06,0.000527283,2.79195e-05,0.998822,2.22748e-10,3.51395e-06,3.1541e-10,1.46134e-06
5.02448e-09,1.20457e-07,6.04648e-05,3.50403e-11,0.00369188,9.48614e-08,0.996247,1.2747e-08,2.13049e-08,8.96327e-08
6.65811e-06,0.0639228,0.000266714,0.000311745,5.55471e-06,0.0444051,1.83822e-09,0.89108,1.03216e-06,8.3034e-07
0.0316476,0.00158454,0.00938749,0.0656273,0.455257,5.83265e-06,0.00154641,0.000209887,0.434529,0.000203998
3.184e-05,9.42931e-06,1.33728e-07,5.25357e-06,1.43032e-05,0.000529216,5.75217e-07,0.00195149,0.000132411,0.997325
0.0565084,3.39089e-07,1.40837e-07,2.36597e-10,4.22559e-06,0.943477,4.58594e-06,5.15582e-06,1.92327e-08,9.87475e-09
0.0291823,0.0374269,0.0549532,0.000265009,0.000293746,0.825045,4.76717e-07,0.0525178,3.50806e-05,0.00028079
2.50283e-11,1.93677e-07,1.89836e-09,0.000716371,7.20911e-07,7.35882e-08,3.1508e-06,0.000273312,0.999006,1.44889e-08
0.209397,0.0709063,0.00526763,0.675048,3.08938e-05,6.86667e-05,0.027447,6.39545e-07,0.0109603,0.000874239
0.996665,2.65371e-11,1.16543e-05,1.50235e-10,2.29217e-06,5.38019e-07,1.36112e-06,0.00330392,1.62408e-06,1.36554e-05
3.8943e-08,8.73882e-06,9.15855e-07,0.0217381,0.965084,2.13563e-05,0.00682277,0.000110709,0.00403191,0.00218102
0.00230895,0.0866212,0.0489998,0.229158,2.27988e-07,0.581412,1.28302e-07,0.00136415,7.35934e-06,0.0501278
0.999626,3.2345e-06,3.84917e-05,6.70095e-06,2.01298e-05,0.000304274,5.36325e-08,1.17459e-09,1.88011e-09,9.96826e-07
4.75325e-10,3.51569e-07,0.00228369,6.44236e-08,0.997713,8.60825e-09,3.80195e-10,3.9212e-09,1.99106e-06,6.08149e-07
1.72921e-07,7.82182e-12,7.77722e-10,7.32644e-08,0.983768,1.00263e-08,0.0162307,7.01767e-09,6.41332e-07,1.348e-10
0.000149183,2.96451e-09,0.0197186,8.63913e-09,9.91323e-07,0.960684,5.2554e-06,0.0191962,4.32045e-09,0.000245964
7.51078e-05,5.61656e-11,0.999387,9.91585e-06,3.1822e-10,0.00038919,6.88696e-05,2.0951e-05,3.75121e-05,1.19018e-05
2.88815e-07,0.11034,3.82381e-07,0.889615,3.03859e-05,3.9353e-12,9.2261e-09,9.41371e-09,1.34261e-05,1.68405e-07
0.720396,3.54838e-05,1.95232e-07,2.83189e-07,8.6862e-06,0.278402,0.000318752,1.49387e-05,2.10428e-06,0.000821525
8.47661e-12,3.61808e-13,1.46365e-10,3.90586e-11,3.51352e-12,1.72365e-08,0.999998,2.67743e-09,1.93815e-06,4.4305e-07
0.24831,3.24459e-07,0.000188083,3.05369e-08,9.48712e-06,0.000453014,7.46047e-07,2.24045e-08,0.751038,5.92407e-10
0.000506664,3.16285e-06,1.08955e-08,5.09108e-06,0.00112688,4.33375e-05,0.40995,0.00030274,0.577333,0.0107295
4.9596e-07,0.846683,1.01531e-10,0.150597,0.000754977,1.81821e-05,0.00189515,4.90906e-05,1.18097e-06,5.50425e-07
7.34402e-10,0.0119431,5.16348e-11,3.6429e-09,6.29486e-06,2.28295e-07,2.08723e-08,7.00033e-12,3.58442e-11,0.98805
0.000175824,0.00823079,2.46887e-06,0.0100278,0.000864715,4.09518e-07,0.411195,0.000163317,0.56867,0.00066941
0.0126381,0.903524,6.69886e-09,0.0023512,0.00193697,0.077947,2.14576e-05,0.00156548,1.62671e-05,1.04868e-09
0.000140473,0.957217,0.0423707,6.19508e-06,3.64132e-05,0.000129622,5.22754e-06,1.74083e-05,6.71525e-08,7.68416e-05
0.985005,2.75169e-06,0.000208636,0.0127678,0.000909966,1.03774e-06,2.08845e-07,0.00110407,7.1044e-08,5.64717e-08
9.23904e-05,2.89864e-06,6.35987e-05,0.459891,0.00053157,1.54541e-05,0.53759,0.00165155,0.000157525,3.59484e-06
0.0992427,0.000308138,0.644411,3.79907e-05,0.0071224,0.0128238,0.00345803,1.97151e-08,0.232592,3.99106e-06
1.64508e-10,4.65028e-08,2.23112e-08,3.09711e-08,4.58843e-09,6.60799e-05,0.995829,7.64263e-10,0.00410482,1.58268e-07
9.8659e-08,0.00125275,3.32487e-09,3.42642e-05,2.33466e-08,5.10616e-06,1.15974e-09,3.7372e-10,0.998291,0.000416956
5.60374e-06,0.189307,2.68243e-10,1.95931e-09,0.785367,0.0250401,5.87727e-10,0.000230392,6.99526e-08,5.00072e-05
4.52245e-06,0.941985,8.72645e-06,3.09502e-06,0.0169651,0.0396702,1.24961e-06,0.00133852,2.343e-05,4.26782e-10
1.12897e-05,4.05327e-08,0.938762,1.58195e-05,0.00604649,3.06946e-06,0.000123495,0.0497055,0.00533107,1.50822e-06
0.0139982,0.985946,1.52822e-05,1.11005e-06,5.32291e-10,4.3597e-08,3.55433e-05,3.23995e-06,8.75297e-08,6.21657e-08
4.85743e-13,1.07846e-10,0.000163747,3.57393e-08,0.785459,0.214377,2.83625e-10,1.72335e-10,7.68275e-08,2.68998e-12
1.87539e-06,0.000430238,6.41939e-09,2.08513e-07,0.000346432,5.58031e-05,6.82464e-06,7.55969e-08,0.999122,3.68997e-05
0.000290349,0.0077734,0.000126618,1.6377e-08,9.06712e-13,1.93656e-05,0.991744,4.47458e-05,7.34132e-11,1.66348e-06
1.98903e-08,0.994887,3.06125e-05,3.73821e-11,1.92635e-06,0.0036398,0.00126185,2.28233e-05,0.000155814,2.82887e-07
6.74116e-07,3.16385e-09,0.27114,0.00269285,4.81675e-05,0.554915,0.000352758,0.00819782,0.000660024,0.161993
0.120143,2.90776e-06,4.47217e-07,2.60055e-05,0.000155335,0.000126057,3.86084e-05,2.06627e-05,0.879487,4.2212e-09
1.08445e-10,3.81276e-05,0.93922,0.000106166,4.01487e-07,5.59154e-08,0.0417996,0.0183381,0.000496172,9.90264e-07
1.19781e-05,2.5435e-10,2.96724e-06,1.24729e-09,2.6135e-06,5.5601e-07,1.39061e-06,0.0012333,0.0210749,0.977672
0.000105524,0.0221204,1.05267e-09,5.18984e-05,5.00738e-06,0.000475731,5.46982e-08,0.977144,3.68648e-06,9.4117e-05
0.296218,0.000175238,0.000823685,3.4968e-06,1.85162e-05,6.78203e-05,0.0391078,0.663574,1.08759e-05,2.73762e-08
1.08432e-05,0.000661322,0.0170606,2.59503e-05,0.97144,0.0107954,4.95242e-06,1.21309e-10,9.13501e-07,4.95913e-08
7.9919e-08,1.63153e-05,3.65548e-08,4.2841e-08,0.345049,0.00229007,2.12202e-07,0.652644,9.10545e-08,3.50364e-10
0.99299,1.40791e-05,0.000542319,8.25832e-09,3.63043e-10,1.36074e-08,0.00562473,7.10147e-07,0.00020512,0.000622712
0.00209098,1.01443e-08,0.00046066,2.08578e-05,0.000441202,1.63033e-06,1.61821e-05,0.0205169,7.08154e-05,0.976381
1.39737e-06,1.07983e-06,0.994627,5.55084e-05,2.8543e-07,0.0051283,2.23816e-09,0.000129474,1.71887e-06,5.5133e-05
1.45912e-08,0.00193859,1.87122e-05,2.02537e-07,6.71085e-09,7.64025e-06,6.24842e-06,7.33079e-08,0.99802,8.3093e-06
8.54189e-08,0.00546948,1.5776e-08,0.16681,0.00665735,0.000129725,2.52182e-05,0.00734886,0.0705007,0.743058
3.29744e-11,0.999999,2.79071e-08,8.40612e-14,1.2321e-06,2.72775e-15,1.24855e-15,1.89947e-08,1.04921e-12,1.03733e-12
1.17356e-07,5.83821e-12,2.49274e-06,0.00135683,0.000671222,8.72746e-07,4.89275e-10,0.997968,3.0377e-12,5.59711e-10
0.0504311,1.73106e-05,8.56442e-12,2.1998e-11,1.91114e-09,4.37776e-07,0.0801027,0.869447,1.13577e-10,1.12345e-06
8.54984e-07,2.952e-05,2.15188e-06,1.05185e-08,7.00622e-07,0.000121344,0.999336,1.63478e-10,7.54934e-05,0.000434342
0.00181742,0.132459,0.469862,0.0453599,1.24809e-08,0.349512,0.000356852,8.78621e-06,0.00061279,1.04739e-05
0.998377,2.47702e-11,4.88035e-06,0.000943564,3.09802e-06,2.77946e-10,1.90093e-05,8.8325e-06,0.000643279,6.43231e-09
1.73332e-07,1.62093e-05,0.00239524,5.18153e-07,1.82739e-07,0.834873,1.14024e-06,1.40016e-08,3.90237e-08,0.162713
0.839662,9.10547e-05,0.0221049,0.039139,0.0206921,0.00580509,0.00536338,5.8162e-07,0.0666472,0.000494455
1.11918e-07,4.61237e-07,0.000136755,0.000660531,0.000627027,0.994762,0.000250646,4.60317e-07,0.00326766,0.000294763
0.729576,0.261472,1.52451e-07,4.59513e-07,0.00327506,0.00292632,1.261e-06,5.0037e-10,0.000270101,0.00247797
2.64242e-10,0.00916604,0.000994916,0.579376,0.410331,7.65129e-05,3.50261e-05,1.9605e-05,2.6411e-07,5.60524e-08
1.07685e-07,1.06448e-06,9.29125e-07,0.999824,4.62126e-05,4.62025e-08,2.6764e-06,1.3169e-08,1.29331e-05,0.000111796
0.000365602,4.49602e-10,1.02065e-07,0.998692,0.00025418,1.93663e-06,3.37068e-06,8.96412e-08,0.000524425,0.000158702
1.11915e-07,0.000312986,0.00138696,1.26639e-10,4.73311e-06,1.50243e-08,7.33563e-05,5.94551e-06,0.000752782,0.997463
0.000232332,0.00152068,3.22132e-09,0.0107207,1.93656e-08,4.14332e-06,0.00813759,0.979375,9.21511e-06,3.24143e-07
2.59302e-06,9.02818e-07,7.12843e-07,0.000123591,1.74705e-09,4.85648e-11,3.35405e-10,0.000257912,0.999614,1.11743e-07
0.990834,8.75557e-06,0.00826883,5.95787e-05,0.000365329,0.000327081,2.47799e-08,0.000136245,1.64695e-08,4.83218e-09
0.00264397,0.000307987,1.08785e-06,0.0486594,0.00299966,0.0281443,0.000101907,0.0965562,0.448986,0.371599
1.75758e-05,0.999005,3.04605e-07,2.19992e-09,2.18736e-05,2.04525e-07,1.26668e-06,1.28823e-05,4.0853e-09,0.000940963
0.000317825,0.894102,0.00398688,3.49873e-05,5.09271e-05,4.44939e-08,0.101003,0.000469399,3.29628e-05,1.5201e-06
2.20889e-06,0.000778072,1.46803e-08,2.96623e-11,1.22946e-05,0.000450357,8.58731e-10,6.35795e-10,0.998757,1.46802e-08
5.73198e-07,3.57565e-05,0.000750655,7.40058e-06,4.63817e-07,0.951676,2.99307e-06,0.000125432,0.0474005,1.67432e-07
2.45873e-13,1.08762e-10,4.4875e-09,6.19291e-12,1.60361e-05,1.46251e-08,0.999984,1.22707e-11,1.07075e-13,1.00556e-08
1.50545e-10,5.95052e-08,9.22548e-09,3.99074e-07,1.9309e-06,1.34216e-05,2.05634e-10,1.20931e-06,0.999135,0.000847652
1.3706e-05,0.923199,2.29147e-06,0.0595961,1.88256e-06,0.00830353,0.000681925,0.00803519,0.000164786,1.94069e-06
5.70202e-10,3.32726e-05,1.6379e-13,6.70752e-05,2.09128e-09,0.999899,1.64016e-07,1.62609e-09,1.37451e-10,1.22213e-08
1.22032e-05,0.999987,2.93283e-07,1.54171e-12,1.71746e-09,5.6359e-08,8.94434e-08,3.27002e-10,1.20122e-07,3.87287e-07
1.95112e-06,5.91849e-11,0.704587,3.23711e-09,0.288224,0.0071715,1.60692e-09,4.14868e-09,1.6541e-08,1.5624e-05
0.223234,0.000736724,0.0367278,0.632454,0.0103656,0.0893633,0.00709469,1.00224e-05,1.43294e-05,2.3954e-08
0.994365,1.9471e-15,1.86092e-12,2.49962e-11,6.05597e-12,2.34808e-14,4.5114e-14,2.83894e-09,0.00563472,1.43002e-09
0.000312073,1.35537e-05,0.000521323,0.0295247,0.0125277,8.63499e-07,0.955033,3.13102e-07,0.00206512,1.38399e-06
0.0244682,7.70588e-07,6.70825e-08,0.0196745,1.72173e-07,3.98759e-08,0.010901,0.0430422,0.901909,3.57649e-06
0.000862438,2.0837e-05,0.998888,6.36157e-05,1.3669e-05,4.66179e-07,8.18228e-05,3.55172e-06,6.55303e-05,1.80924e-08
9.27189e-07,0.060499,2.39513e-06,0.939466,3.08674e-05,9.18363e-13,4.44277e-08,4.79063e-08,6.78602e-08,9.05837e-07
0.999997,1.68585e-06,1.12116e-07,2.20728e-07,1.63553e-10,8.39275e-07,1.89686e-11,1.19347e-07,3.67203e-10,1.99087e-07
6.82806e-10,3.02039e-08,3.40787e-11,0.692368,1.48922e-07,5.23298e-10,0.307628,1.01957e-06,2.67115e-06,1.60757e-10
0.0131731,4.84827e-07,4.23832e-09,1.92027e-11,2.2912e-11,3.49009e-10,1.24214e-08,3.17356e-10,1.212e-11,0.986826
1.3871e-07,1.03288e-07,5.61409e-07,0.860778,0.0173424,7.58853e-05,3.14957e-07,0.085398,1.08764e-07,0.0364045
0.697406,4.80661e-08,0.0134459,4.49582e-07,0.000742313,0.00112312,0.000613558,0.0166244,0.00187221,0.268172
0.0198995,7.81935e-11,1.44382e-08,1.75023e-06,3.04524e-05,0.936589,2.54711e-06,1.17149e-07,0.0434767,2.10979e-07
0.000111729,0.00042966,1.91104e-06,3.24199e-08,4.61997e-07,9.1069e-07,7.74523e-09,1.76348e-06,0.999429,2.4672e-05
0.00246615,3.79974e-05,0.000877526,0.00683397,0.000945225,3.16535e-07,0.0165994,0.97193,0.000308401,1.41927e-06
1.50311e-08,2.09659e-07,2.96037e-06,4.15394e-07,3.97114e-07,9.66638e-08,2.42112e-10,8.4023e-06,0.971418,0.0285696
2.03654e-08,2.05883e-06,1.70703e-09,5.76805e-09,0.000180791,2.42106e-08,0.999643,1.23685e-12,0.000172979,6.23731e-07
2.70062e-08,8.33523e-07,8.36408e-05,2.40648e-07,5.75031e-06,6.61607e-09,8.96207e-08,0.99985,1.89136e-09,5.97488e-05
2.05584e-08,3.012e-07,4.24182e-05,0.00133886,2.48696e-08,6.42579e-08,0.146918,8.26822e-09,0.000361067,0.85134
1.38835e-11,2.99081e-06,3.79578e-05,0.999819,1.03525e-09,2.74848e-05,1.50598e-07,1.40538e-11,0.000104182,8.62999e-06
0.000397753,0.000729296,1.49514e-07,2.45516e-08,0.158788,0.811048,0.0254516,4.71677e-05,6.31666e-05,0.00347543
2.62009e-07,0.0470805,6.06811e-05,0.1577,0.78878,1.59195e-08,6.38377e-09,0.00434934,0.00176519,0.000263371
0.00815762,4.34892e-06,0.684658,9.79272e-08,5.28064e-08,0.146217,2.44838e-05,3.6018e-09,0.00975371,0.151184
2.69386e-05,3.69353e-06,0.00102315,0.000140752,0.000122312,8.0756e-10,0.998051,0.000631532,9.40597e-10,8.93834e-07
2.11181e-05,1.15014e-05,1.51098e-08,4.83566e-08,0.00868559,0.756471,0.160436,0.0740949,0.000279175,5.77153e-07
